1 1 0.5
10
3
24 76 26 5 45 46 45 65 23 88
385 410 336 375 270 413 282 388 350 141
2 69 19 4 13 9 32 31 4 50
1.1 3.6 3 3.8 2.9 3.6 2.8 2.4 3.4 4
105 135 113
1050 1350 1130
0 274 222 188 257 183 236 208 213 250 30
274 0 332 90 471 277 187 385 472 154 259
222 332 0 253 173 57 407 429 389 403 195
188 90 253 0 382 197 183 330 394 165 170
257 471 173 382 0 208 490 422 319 498 246
183 277 57 197 208 0 352 391 371 347 154
236 187 407 183 490 352 0 233 364 38 243
208 385 429 330 422 391 233 0 162 269 237
213 472 389 394 319 371 364 162 0 395 241
250 154 403 165 498 347 38 269 395 0 253
30 259 195 170 246 154 243 237 241 253 0

2 1 0.5
10
3
86 92 44 1 63 78 29 78 26 70
325 456 290 236 161 337 160 433 293 387
41 39 25 1 31 5 27 15 11 48
1.3 4.3 4.9 1.7 1.7 1.5 2.1 2.2 1.3 2.6
110 103 123
1100 1030 1230
0 116 272 207 135 52 174 73 268 237 274
116 0 384 283 165 159 273 183 159 306 391
272 384 0 179 279 251 243 233 515 342 94
207 283 179 0 130 224 299 223 375 395 252
135 165 279 130 0 178 292 191 245 369 324
52 159 251 224 178 0 122 23 316 190 237
174 273 243 299 292 122 0 103 432 101 184
73 183 233 223 191 23 103 0 339 180 214
268 159 515 375 245 316 432 339 0 461 537
237 306 342 395 369 190 101 180 461 0 273
274 391 94 252 324 237 184 214 537 273 0

3 1 0.5
10
3
30 39 4 83 3 91 45 68 92 82
292 414 222 290 371 391 368 338 454 255
13 33 3 79 2 55 9 12 8 74
1.9 1.7 1.5 1.8 4.2 3.4 3.9 3.4 3.8 3.5
113 137 126
1130 1370 1260
0 246 280 83 152 281 215 171 198 298 97
246 0 233 277 397 447 33 400 105 308 285
280 233 0 237 383 559 236 341 139 83 233
83 277 237 0 147 350 251 125 200 235 14
152 397 383 147 0 270 366 77 338 370 150
281 447 559 350 270 0 415 347 452 579 362
215 33 236 251 366 415 0 373 99 306 260
171 400 341 125 77 347 373 0 324 313 120
198 105 139 200 338 452 99 324 0 207 204
298 308 83 235 370 579 306 313 207 0 226
97 285 233 14 150 362 260 120 204 226 0

4 1 0.5
10
3
78 17 47 84 5 40 50 51 90 23
326 402 242 398 318 334 357 361 403 202
51 6 1 78 3 9 13 18 66 12
2.2 4.4 3.2 3.1 4.8 3.1 2 1 1 4.1
117 123 119
1170 1230 1190
0 215 265 153 253 295 227 243 248 262 176
215 0 464 367 391 486 119 108 428 432 261
265 464 0 131 388 307 493 448 69 341 398
153 367 131 0 266 220 375 377 148 231 267
253 391 388 266 0 151 315 466 415 74 134
295 486 307 220 151 0 437 536 354 76 260
227 119 493 375 315 437 0 227 472 371 182
243 108 448 377 466 536 227 0 398 494 345
248 428 69 148 415 354 472 398 0 377 402
262 432 341 231 74 76 371 494 377 0 191
176 261 398 267 134 260 182 345 402 191 0

5 1 0.5
10
3
91 53 45 86 88 5 38 99 45 76
322 349 393 392 385 302 365 243 230 420
20 43 11 78 69 1 24 91 17 49
3.6 2.3 3.9 1.3 4 3.3 2.9 3.1 2 3.1
163 159 219
1630 1590 2190
0 146 260 187 241 253 235 282 104 177 293
146 0 376 235 210 257 219 413 249 322 315
260 376 0 421 297 499 275 351 177 153 524
187 235 421 0 412 82 411 244 243 288 106
241 210 297 412 0 456 23 509 283 339 509
253 257 499 82 456 0 459 315 321 370 61
235 219 275 411 23 459 0 497 269 322 510
282 413 351 244 509 315 497 0 230 203 296
104 249 177 243 283 321 269 230 0 73 347
177 322 153 288 339 370 322 203 73 0 386
293 315 524 106 509 61 510 296 347 386 0

1 1 1
10
3
56 87 79 99 66 99 50 93 15 40
345 429 416 443 331 542 480 283 107 340
7 73 31 35 27 44 18 34 1 9
1.4 3.1 1.8 1.7 4.2 3.1 3.1 2.7 1.3 1.4
140 111 119
1400 1110 1190
0 84 185 250 266 255 286 290 25 24 291
84 0 262 271 301 202 324 214 65 62 374
185 262 0 369 181 355 187 428 197 202 204
250 271 369 0 506 473 523 463 267 260 315
266 301 181 506 0 275 23 373 258 266 384
255 202 355 473 275 0 297 103 230 234 529
286 324 187 523 23 297 0 396 280 288 388
290 214 428 463 373 103 396 0 265 266 580
25 65 197 267 258 230 280 265 0 8 315
24 62 202 260 266 234 288 266 8 0 315
291 374 204 315 384 529 388 580 315 315 0

2 1 1
10
3
7 88 97 17 48 33 11 69 5 13
316 406 321 297 220 365 181 406 388 104
1 53 26 1 7 7 1 31 1 8
3.2 1.9 3.2 3.3 4.9 4 1.8 2.5 3.6 1.6
66 82 68
660 820 680
0 233 251 190 133 97 283 98 248 288 78
233 0 48 418 332 329 472 330 21 346 159
251 48 0 428 334 348 467 345 30 392 173
190 418 428 0 110 110 152 93 431 407 259
133 332 334 110 0 117 150 88 342 408 178
97 329 348 110 117 0 240 29 345 304 174
283 472 467 152 150 240 0 213 479 545 325
98 330 345 93 88 29 213 0 344 331 172
248 21 30 431 342 345 479 344 0 368 172
288 346 392 407 408 304 545 331 368 0 309
78 159 173 259 178 174 325 172 172 309 0

3 1 1
10
3
41 15 65 32 92 22 83 2 57 29
298 96 466 118 449 337 176 341 298 330
29 13 22 23 59 6 27 1 16 25
4.3 1.1 4.3 3.1 1 4.9 3.5 4.3 2.3 1.6
95 103 101
950 1030 1010
0 132 36 281 58 283 223 32 237 173 172
132 0 96 403 130 349 138 159 191 150 161
36 96 0 313 61 298 194 65 218 157 158
281 403 313 0 323 428 432 269 505 440 330
58 130 61 323 0 237 249 54 184 119 219
283 349 298 428 237 0 482 257 244 223 455
223 138 194 432 249 482 0 255 323 288 105
32 159 65 269 54 257 255 0 239 174 202
237 191 218 505 184 244 323 239 0 65 350
173 150 157 440 119 223 288 174 65 0 299
172 161 158 330 219 455 105 202 350 299 0

4 1 1
10
3
92 85 95 96 90 11 23 52 25 79
230 407 525 448 322 183 257 147 206 452
36 1 81 64 52 6 6 33 3 38
1.7 2.2 1.2 2.5 4.5 1.2 1 3.8 2.1 1.8
174 176 125
1740 1760 1250
0 94 283 244 206 171 114 220 87 81 219
94 0 195 336 185 259 99 159 39 120 267
283 195 0 505 205 425 273 113 196 264 453
244 336 505 0 346 80 340 412 316 241 314
206 185 205 346 0 270 281 92 149 134 425
171 259 425 80 270 0 275 333 237 161 286
114 99 273 340 281 275 0 258 132 186 179
220 159 113 412 92 333 258 0 137 175 425
87 39 196 316 149 237 132 137 0 86 288
81 120 264 241 134 161 186 175 86 0 298
219 267 453 314 425 286 179 425 288 298 0

5 1 1
10
3
71 69 23 9 10 10 14 52 69 5
349 427 298 380 276 309 398 307 356 376
51 19 7 6 2 8 8 28 49 5
1.5 1 4.3 4.7 1.4 3.3 2.4 3.2 3.3 3.8
95 71 79
950 710 790
0 242 270 247 270 214 265 291 129 189 289
242 0 356 31 510 277 228 123 371 416 179
270 356 0 334 344 478 505 293 283 406 498
247 31 334 0 510 302 258 92 373 428 210
270 510 344 510 0 418 504 531 141 189 547
214 277 478 302 418 0 101 387 294 245 172
265 228 505 258 504 101 0 350 371 341 76
291 123 293 92 531 387 350 0 404 480 302
129 371 283 373 141 294 371 404 0 125 408
189 416 406 428 189 245 341 480 125 0 398
289 179 498 210 547 172 76 302 408 398 0

1 1 1.5
10
3
32 62 94 77 61 87 31 27 7 98
242 324 446 291 578 376 400 414 213 409
31 51 9 41 7 57 3 3 7 35
3.2 4.8 1.5 4.3 4.8 4.2 1 1.7 2 1.6
128 97 113
1280 970 1130
0 188 126 181 147 296 185 218 255 81 286
188 0 287 369 293 276 132 403 297 114 134
126 287 0 123 31 419 222 135 366 173 403
181 369 123 0 148 419 335 47 345 257 463
147 293 31 148 0 443 215 152 394 183 415
296 276 419 419 443 0 392 466 94 299 212
185 132 222 335 215 392 0 356 390 114 265
218 403 135 47 152 466 356 0 392 289 504
255 297 366 345 394 94 390 392 0 282 273
81 114 173 257 183 299 114 289 282 0 232
286 134 403 463 415 212 265 504 273 232 0

2 1 1.5
10
3
60 6 23 63 82 96 71 71 87 48
405 400 396 424 321 468 439 451 467 216
38 1 19 43 39 13 67 4 31 20
4.6 3.8 1.7 3.4 2.7 2.9 3.5 1 1.2 4
126 120 104
1260 1200 1040
0 236 272 286 278 94 280 210 259 271 72
236 0 57 236 405 305 480 395 495 360 249
272 57 0 291 461 330 493 446 530 417 271
286 236 291 0 242 381 565 297 490 180 348
278 405 461 242 0 342 484 110 334 64 349
94 305 330 381 342 0 187 252 210 349 58
280 480 493 565 484 187 0 377 199 507 234
210 395 446 297 110 252 377 0 225 153 272
259 495 530 490 334 210 199 225 0 376 267
271 360 417 180 64 349 507 153 376 0 344
72 249 271 348 349 58 234 272 267 344 0

3 1 1.5
10
3
60 6 3 87 62 51 4 58 79 4
154 396 276 469 455 306 262 308 316 316
43 5 2 75 25 6 4 32 14 3
2.3 3.4 1.5 1.3 5 2.3 3.2 3.7 3 1.6
133 140 130
1330 1400 1300
0 23 241 167 296 237 126 223 136 141 286
23 0 218 163 279 226 119 246 140 134 292
241 218 0 233 155 197 200 464 304 200 379
167 163 233 0 186 93 48 321 302 38 152
296 279 155 186 0 98 188 496 405 176 291
237 226 197 93 98 0 112 414 363 98 196
126 119 200 48 188 112 0 307 259 15 197
223 246 464 321 496 414 307 0 239 320 348
136 140 304 302 405 363 259 239 0 274 419
141 134 200 38 176 98 15 320 274 0 190
286 292 379 152 291 196 197 348 419 190 0

4 1 1.5
10
3
47 88 14 53 11 19 35 36 30 66
376 346 192 431 157 306 266 297 421 211
19 18 5 34 3 3 26 35 12 50
1.6 2 5 4.8 1.3 4.6 3.1 3.4 3.2 1.7
90 75 75
900 750 750
0 163 171 58 236 20 263 132 205 297 36
163 0 147 190 73 158 224 34 234 360 170
171 147 0 227 200 184 359 125 342 218 202
58 190 227 0 256 43 230 164 157 350 25
236 73 200 256 0 229 226 107 266 418 238
20 158 184 43 229 0 243 129 185 318 18
263 224 359 230 226 243 0 235 99 548 234
132 34 125 164 107 129 235 0 231 332 142
205 234 342 157 266 185 99 231 0 503 171
297 360 218 350 418 318 548 332 503 0 333
36 170 202 25 238 18 234 142 171 333 0

5 1 1.5
10
3
47 62 22 6 93 97 79 4 73 7
318 405 344 220 271 261 278 380 361 351
36 60 20 6 34 88 40 2 18 2
2.5 1.9 2.2 1.2 3.4 1.2 4.9 2.8 3.6 3.4
185 170 148
1850 1700 1480
0 253 196 212 146 112 113 168 219 278 289
253 0 170 108 392 141 166 227 146 361 107
196 170 0 62 289 123 196 67 33 191 126
212 108 62 0 328 110 175 126 39 254 79
146 392 289 328 0 250 259 233 321 268 406
112 141 123 110 250 0 72 139 131 279 182
113 166 196 175 259 72 0 207 202 344 238
168 227 67 126 233 139 207 0 101 142 193
219 146 33 39 321 131 202 101 0 218 92
278 361 191 254 268 279 344 142 218 0 302
289 107 126 79 406 182 238 193 92 302 0

1 1 2
10
3
37 62 84 65 46 92 74 13 12 82
539 407 489 474 317 407 236 376 371 558
29 28 16 43 6 32 1 3 12 69
1.6 3 3.3 1.2 1.8 2.3 1.4 2.9 4.1 3.6
110 112 129
1100 1120 1290
0 213 109 275 153 161 276 72 278 153 276
213 0 321 206 364 263 333 282 471 296 489
109 321 0 342 44 217 284 39 178 138 167
275 206 342 0 369 407 173 308 420 234 488
153 364 44 369 0 255 290 81 138 148 126
161 263 217 407 255 0 437 201 393 312 343
276 333 284 173 290 437 0 266 287 145 383
72 282 39 308 81 201 266 0 207 123 207
278 471 178 420 138 393 287 207 0 190 121
153 296 138 234 148 312 145 123 190 0 256
276 489 167 488 126 343 383 207 121 256 0

2 1 2
10
3
20 58 42 17 97 69 30 2 6 91
381 305 341 500 330 256 351 352 358 412
15 32 16 10 37 4 29 1 2 80
3.5 2.7 2.6 4.4 4.6 3 4.1 3.4 2.8 2.2
107 112 149
1070 1120 1490
0 207 134 147 268 152 110 276 242 257 279
207 0 285 342 154 265 211 126 39 273 456
134 285 0 92 271 279 244 298 324 179 170
147 342 92 0 356 254 237 378 380 270 137
268 154 271 356 0 382 325 43 173 163 431
152 265 279 254 382 0 57 375 284 406 391
110 211 244 237 325 57 0 318 233 356 375
276 126 298 378 43 375 318 0 139 206 463
242 39 324 380 173 284 233 139 0 306 495
257 273 179 270 163 406 356 206 306 0 299
279 456 170 137 431 391 375 463 495 299 0

3 1 2
10
3
79 15 73 18 14 85 15 41 34 68
398 133 344 451 300 416 220 397 346 304
13 7 71 13 6 73 12 24 27 35
1.2 1.5 3.4 4.5 1.7 2.8 4.5 3.2 4.9 4.8
156 156 154
1560 1560 1540
0 252 51 194 246 174 290 87 257 265 138
252 0 301 312 346 136 123 193 297 515 369
51 301 0 184 234 225 328 137 292 224 123
194 312 184 0 52 317 264 256 443 365 306
246 346 234 52 0 364 281 307 495 403 355
174 136 225 317 364 0 241 89 168 411 255
290 123 328 264 281 241 0 264 409 552 426
87 193 137 256 307 89 264 0 188 327 176
257 297 292 443 495 168 409 188 0 391 242
265 515 224 365 403 411 552 327 391 0 158
138 369 123 306 355 255 426 176 242 158 0

4 1 2
10
3
25 62 66 46 54 7 17 12 13 79
291 386 391 180 364 366 328 412 316 491
5 32 35 16 50 2 17 11 11 42
2.2 4.4 3.2 4.3 4.8 3.8 3.9 1.2 2.3 2.1
83 120 97
830 1200 970
0 174 204 221 12 226 268 113 260 153 211
174 0 274 274 171 396 420 148 428 90 366
204 274 0 425 191 248 207 307 373 187 178
221 274 425 0 234 368 446 134 292 322 392
12 171 191 234 0 226 263 122 267 144 207
226 396 248 368 226 0 96 320 155 347 75
268 420 207 446 263 96 0 376 250 354 56
113 148 307 134 122 320 376 0 306 188 319
260 428 373 292 267 155 250 306 0 411 224
153 90 187 322 144 347 354 188 411 0 304
211 366 178 392 207 75 56 319 224 304 0

5 1 2
10
3
75 65 88 84 40 64 13 45 8 60
440 198 293 440 402 422 451 406 136 274
60 48 49 48 30 35 10 22 5 46
2.4 3.3 3.7 1.1 3.3 4 1.8 3.9 1.8 1
101 147 138
1010 1470 1380
0 277 13 122 181 144 206 267 203 100 96
277 0 275 322 181 411 407 14 481 255 314
13 275 0 109 170 152 220 266 206 86 110
122 322 109 0 160 213 315 318 220 67 214
181 181 170 160 0 323 378 181 363 102 265
144 411 152 213 323 0 132 399 96 229 110
206 407 220 315 378 132 0 393 219 307 112
267 14 266 318 181 399 393 0 471 251 301
203 481 206 220 363 96 219 471 0 261 202
100 255 86 67 102 229 307 251 261 0 196
96 314 110 214 265 110 112 301 202 196 0

1 1 2.5
10
3
9 2 55 39 6 23 28 99 78 33
323 253 339 324 414 344 350 387 430 340
6 2 9 16 3 8 22 28 47 16
2.7 3.2 2.6 1.6 2.4 5 4.3 4.4 4.5 4.1
69 86 79
690 860 790
0 211 149 239 241 184 273 167 189 262 240
211 0 239 304 255 295 484 227 47 71 380
149 239 0 90 101 55 345 30 247 310 140
239 304 90 0 68 68 399 83 321 376 122
241 255 101 68 0 116 443 75 280 326 188
184 295 55 68 116 0 333 73 302 365 87
273 484 345 399 443 333 0 375 456 529 305
167 227 30 83 75 73 375 0 240 298 160
189 47 247 321 280 302 456 240 0 73 383
262 71 310 376 326 365 529 298 73 0 449
240 380 140 122 188 87 305 160 383 449 0

2 1 2.5
10
3
65 52 13 3 43 31 51 48 34 16
460 245 394 125 387 433 450 286 392 322
58 3 6 1 15 21 11 12 31 14
2.5 1.9 4.9 3.9 4.1 3.8 1.1 3.4 2.8 3.1
79 92 83
790 920 830
0 271 121 225 53 290 279 260 104 216 271
271 0 392 461 289 483 39 202 363 328 515
121 392 0 153 123 264 400 360 61 253 182
225 461 153 0 255 412 480 485 123 196 55
53 289 123 255 0 239 290 237 132 270 296
290 483 264 412 239 0 468 330 318 498 425
279 39 400 480 290 468 0 171 376 358 533
260 202 360 485 237 330 171 0 363 430 530
104 363 61 123 132 318 376 363 0 191 167
216 328 253 196 270 498 358 430 191 0 247
271 515 182 55 296 425 533 530 167 247 0

3 1 2.5
10
3
94 6 79 84 77 82 89 33 29 27
353 333 324 531 494 476 234 427 68 245
41 4 72 68 26 74 21 29 21 25
3.4 3.1 2.7 2.4 1.5 2.2 2.6 1.6 3.9 4.1
113 126 169
1130 1260 1690
0 131 264 236 162 244 264 32 262 13 158
131 0 139 349 238 373 238 159 144 125 113
264 139 0 452 373 496 328 294 31 260 223
236 349 452 0 330 104 487 229 437 248 394
162 238 373 330 0 282 184 137 382 153 167
244 373 496 104 282 0 459 224 486 253 388
264 238 328 487 184 459 0 260 351 251 126
32 159 294 229 137 224 260 0 293 33 166
262 144 31 437 382 486 351 293 0 260 240
13 125 260 248 153 253 251 33 260 0 145
158 113 223 394 167 388 126 166 240 145 0

4 1 2.5
10
3
21 16 61 39 41 26 73 92 8 77
366 272 315 364 334 379 540 254 279 460
3 4 11 4 30 15 30 28 8 56
2.4 1.8 1.3 1.6 3.2 2 4.5 3.6 3.4 4.8
88 112 108
880 1120 1080
0 263 55 142 288 195 180 276 121 260 126
263 0 262 161 488 257 385 296 228 306 361
55 262 0 173 249 143 140 325 169 311 99
142 161 173 0 422 258 313 178 67 175 266
288 488 249 422 0 248 109 562 410 543 164
195 257 143 258 248 0 168 433 285 425 185
180 385 140 313 109 168 0 456 302 439 65
276 296 325 178 562 433 456 0 156 29 397
121 228 169 67 410 285 302 156 0 143 246
260 306 311 175 543 425 439 29 143 0 378
126 361 99 266 164 185 65 397 246 378 0

5 1 2.5
10
3
63 84 62 97 29 76 34 23 80 28
431 386 241 378 271 388 428 427 365 467
1 22 37 38 4 29 24 15 57 11
4.8 2.9 1.5 1.6 1.8 2.4 1.7 2.9 4.4 3.8
113 127 96
1130 1270 960
0 270 170 88 187 131 297 224 169 121 294
270 0 440 357 308 274 312 124 398 231 564
170 440 0 85 270 237 398 385 147 255 124
88 357 85 0 232 185 355 310 116 172 207
187 308 270 232 0 57 127 194 344 292 379
131 274 237 185 57 0 170 173 293 235 355
297 312 398 355 127 170 0 188 463 380 506
224 124 385 310 194 173 188 0 385 247 509
169 398 147 116 344 293 463 385 0 171 219
121 231 255 172 292 235 380 247 171 0 367
294 564 124 207 379 355 506 509 219 367 0

1 1.5 0.5
10
3
77 97 19 59 40 13 28 82 18 31
427 156 358 204 355 294 237 243 263 318
68 26 19 40 18 5 10 48 16 21
3.7 1.1 3.6 3.8 1.6 2.4 3.2 3.9 3.2 3.4
95 148 130
950 1480 1300
0 265 41 263 119 226 243 116 81 239 246
265 0 281 393 269 489 508 257 190 275 443
41 281 0 301 160 225 230 157 90 211 206
263 393 301 0 153 290 350 162 307 497 484
119 269 160 153 0 254 296 12 154 344 361
226 489 225 290 254 0 65 263 307 414 276
243 508 230 350 296 65 0 303 319 395 230
116 257 157 162 12 263 303 0 145 336 360
81 190 90 307 154 307 319 145 0 192 273
239 275 211 497 344 414 395 336 192 0 221
246 443 206 484 361 276 230 360 273 221 0

2 1.5 0.5
10
3
45 71 3 55 46 74 84 67 28 94
380 328 331 204 384 262 472 253 355 494
23 46 2 4 46 21 68 48 20 31
3.7 1.3 2.4 3.5 1.3 3 1.2 3.7 2.4 4
209 174 214
2090 1740 2140
0 265 222 295 85 180 92 248 82 273 280
265 0 480 135 237 401 223 493 199 516 219
222 480 0 475 291 119 303 206 281 76 487
295 135 475 0 306 372 296 543 212 491 349
85 237 291 306 0 264 14 257 122 350 198
180 401 119 372 264 0 272 291 206 118 459
92 223 303 296 14 272 0 270 119 361 188
248 493 206 543 257 291 270 0 331 281 407
82 199 281 212 122 206 119 331 0 317 276
273 516 76 491 350 118 361 281 317 0 548
280 219 487 349 198 459 188 407 276 548 0

3 1.5 0.5
10
3
39 21 55 41 63 30 10 85 22 51
324 388 418 368 285 291 219 483 309 384
22 14 33 13 6 21 2 5 16 19
2.7 2.3 2.5 1.3 1.9 3.2 4.5 3.2 2.8 4.6
50 54 87
500 540 870
0 181 263 267 284 187 177 93 293 225 232
181 0 185 443 141 367 357 217 124 65 83
263 185 0 451 312 404 390 343 271 135 117
267 443 451 0 551 89 94 296 560 473 474
284 141 312 551 0 467 459 275 57 176 195
187 367 404 89 467 0 14 207 480 405 408
177 357 390 94 459 14 0 203 470 393 396
93 217 343 296 275 207 203 0 302 276 288
293 124 271 560 57 480 470 302 0 138 155
225 65 135 473 176 405 393 276 138 0 19
232 83 117 474 195 408 396 288 155 19 0

4 1.5 0.5
10
3
51 35 15 22 19 11 87 90 1 80
390 291 226 281 139 230 286 414 256 296
27 21 3 18 13 6 63 74 1 12
3.3 3.2 2.2 3.3 2 2.3 2.2 2.7 1.8 3.6
142 142 183
1420 1420 1830
0 222 192 137 131 30 200 187 283 190 166
222 0 103 300 199 227 334 264 84 397 340
192 103 0 309 113 183 244 167 108 332 263
137 300 309 0 268 165 321 323 378 254 271
131 199 113 268 0 107 134 72 222 222 150
30 227 183 165 107 0 170 158 281 173 139
200 334 244 321 134 170 0 84 351 144 64
187 264 167 323 72 158 84 0 271 212 128
283 84 108 378 222 281 351 271 0 439 372
190 397 332 254 222 173 144 212 439 0 84
166 340 263 271 150 139 64 128 372 84 0

5 1.5 0.5
10
3
19 98 46 36 30 60 46 46 8 23
358 220 258 285 177 287 307 245 246 387
1 93 33 13 24 48 14 9 4 12
3.9 3.2 3.6 3.4 3.1 3.3 3.6 4.6 3.5 1.2
170 130 125
1700 1300 1250
0 221 37 201 161 136 182 212 136 138 278
221 0 257 418 251 217 384 336 283 85 499
37 257 0 163 181 161 162 219 145 173 243
201 418 163 0 306 301 166 300 249 333 109
161 251 181 306 0 36 182 85 61 209 336
136 217 161 301 36 0 195 119 75 173 342
182 384 162 166 182 195 0 145 121 311 157
212 336 219 300 85 119 145 0 75 289 301
136 283 145 249 61 75 121 75 0 225 274
138 85 173 333 209 173 311 289 225 0 416
278 499 243 109 336 342 157 301 274 416 0

1 1.5 1
10
3
6 82 98 91 59 94 77 64 14 88
461 425 429 403 441 294 310 443 431 486
5 79 54 91 39 38 56 37 14 78
3.4 2.7 2.3 3.1 3.7 2.2 3.3 2 4.9 1.8
176 164 164
1760 1640 1640
0 235 219 290 156 258 157 67 209 262 159
235 0 160 522 247 73 131 294 136 147 390
219 160 0 495 321 109 69 285 25 52 333
290 522 495 0 332 548 442 228 491 543 171
156 247 321 332 0 306 252 149 302 347 274
258 73 109 548 306 0 115 323 89 79 401
157 131 69 442 252 115 0 224 53 105 288
67 294 285 228 149 323 224 0 276 329 125
209 136 25 491 302 89 53 276 0 53 333
262 147 52 543 347 79 105 329 53 0 384
159 390 333 171 274 401 288 125 333 384 0

2 1.5 1
10
3
55 85 67 13 41 9 17 83 61 50
438 377 324 256 223 165 389 417 303 373
10 13 41 4 9 2 2 29 47 25
3.6 1.2 4 1.9 3.8 1 2.4 2.7 2.4 3.3
75 133 130
750 1330 1300
0 257 167 206 160 129 108 259 258 221 274
257 0 187 93 417 346 270 49 372 360 173
167 187 0 95 296 187 253 157 400 173 112
206 93 95 0 358 268 256 63 386 268 101
160 417 296 358 0 129 207 416 309 245 408
129 346 187 268 129 0 230 331 371 119 295
108 270 253 256 207 230 0 291 151 329 345
259 49 157 63 416 331 291 0 406 330 124
258 372 400 386 309 371 151 406 0 477 483
221 360 173 268 245 119 329 330 477 0 250
274 173 112 101 408 295 345 124 483 250 0

3 1.5 1
10
3
15 1 72 71 35 58 83 68 89 91
415 213 417 267 339 276 255 447 503 303
14 1 58 61 11 37 81 68 16 90
2.2 3.3 1.6 2.8 4 4.6 4.2 1 2.1 2.2
274 177 198
2740 1770 1980
0 291 143 258 167 190 139 125 229 217 155
291 0 363 479 437 400 166 217 297 324 230
143 363 0 367 252 47 253 146 372 360 142
258 479 367 0 121 405 318 381 218 180 413
167 437 252 121 0 286 271 292 245 212 320
190 400 47 405 286 0 299 183 420 406 172
139 166 253 318 271 299 0 137 173 186 172
125 217 146 381 292 183 137 0 299 301 36
229 297 372 218 245 420 173 299 0 37 336
217 324 360 180 212 406 186 301 37 0 338
155 230 142 413 320 172 172 36 336 338 0

4 1.5 1
10
3
57 24 4 32 23 96 87 19 11 27
346 368 319 350 380 343 363 395 198 152
57 18 4 31 21 53 44 11 1 6
2.9 3 3.6 3.9 1.9 1.8 1.5 3.9 1.6 2.5
151 107 111
1510 1070 1110
0 250 285 283 247 292 155 243 292 140 88
250 0 278 530 143 252 350 460 49 115 334
285 278 0 454 137 37 441 326 275 278 310
283 530 454 0 490 481 283 143 569 423 196
247 143 137 490 0 109 391 388 138 176 308
292 252 37 481 109 0 447 357 245 267 327
155 350 441 283 391 447 0 319 399 237 168
243 460 326 143 388 357 319 0 491 370 164
292 49 275 569 138 245 399 491 0 162 374
140 115 278 423 176 267 237 370 162 0 227
88 334 310 196 308 327 168 164 374 227 0

5 1.5 1
10
3
74 98 43 63 34 99 68 14 59 32
361 459 303 351 322 315 207 250 212 513
25 3 33 52 24 3 37 10 8 8
1 1.2 1.7 1.8 4 2 4.9 2.8 1.7 3.5
94 100 130
940 1000 1300
0 183 256 135 222 176 170 62 218 49 292
183 0 148 187 355 84 351 191 82 209 307
256 148 0 165 468 84 390 294 67 299 454
135 187 165 0 356 121 228 195 164 184 412
222 355 468 356 0 383 233 173 417 173 207
176 84 84 121 383 0 325 210 45 217 375
170 351 390 228 233 325 0 196 370 167 398
62 191 294 195 173 210 196 0 245 29 230
218 82 67 164 417 45 370 245 0 255 388
49 209 299 184 173 217 167 29 255 0 255
292 307 454 412 207 375 398 230 388 255 0

1 1.5 1.5
10
3
88 67 23 47 74 67 97 6 75 94
263 316 327 422 494 298 483 150 349 410
37 30 23 6 48 3 44 1 63 29
2.2 1.3 1.7 3.4 2 2.8 1.3 1.4 3.1 2.8
109 203 125
1090 2030 1250
0 69 197 218 239 242 137 169 105 259 274
69 0 260 191 292 297 202 100 53 192 343
197 260 0 398 80 252 158 359 274 452 109
218 191 398 0 453 292 267 184 234 194 445
239 292 80 453 0 332 234 384 292 478 166
242 297 252 292 332 0 117 380 345 446 222
137 202 158 267 234 117 0 297 243 377 178
169 100 359 184 384 380 297 0 94 94 444
105 53 274 234 292 345 243 94 0 187 367
259 192 452 194 478 446 377 94 187 0 533
274 343 109 445 166 222 178 444 367 533 0

2 1.5 1.5
10
3
9 46 41 98 93 22 29 63 51 80
252 294 455 441 492 377 252 381 372 483
2 9 37 28 67 12 8 50 23 54
2.6 4.7 3 4.7 4.2 1 3.2 2.5 4 4.6
157 152 175
1570 1520 1750
0 128 167 291 287 293 298 195 215 217 291
128 0 294 312 210 167 393 270 202 94 419
167 294 0 308 441 461 193 169 343 385 143
291 312 308 0 523 435 212 138 494 388 440
287 210 441 523 0 166 584 470 127 151 529
293 167 461 435 166 0 553 427 255 76 580
298 393 193 212 584 553 0 127 509 486 277
195 270 169 138 470 427 127 0 410 362 302
215 202 343 494 127 255 509 410 0 202 412
217 94 385 388 151 76 486 362 202 0 504
291 419 143 440 529 580 277 302 412 504 0

3 1.5 1.5
10
3
87 36 40 8 75 51 43 96 82 39
506 444 334 396 352 376 256 355 346 447
52 6 28 6 29 20 4 82 12 30
5 1.9 4.3 3.6 3.8 3.9 3.9 4.5 3.1 2.5
129 172 108
1290 1720 1080
0 266 263 227 298 218 124 111 224 152 218
266 0 396 442 281 359 176 315 246 358 484
263 396 0 132 182 45 355 368 159 400 352
227 442 132 0 297 121 346 307 250 327 234
298 281 182 297 0 175 327 406 73 450 471
218 359 45 121 175 0 310 324 135 357 322
124 176 355 346 327 310 0 139 260 182 320
111 315 368 307 406 324 139 0 333 46 197
224 246 159 250 73 135 260 333 0 376 402
152 358 400 327 450 357 182 46 376 0 180
218 484 352 234 471 322 320 197 402 180 0

4 1.5 1.5
10
3
2 67 97 96 85 18 82 10 82 90
317 351 293 405 387 239 257 499 446 324
2 14 21 20 5 14 9 4 81 24
1.6 3.1 4.8 4.8 4.1 2.6 1.6 3.3 1.7 3.4
160 106 147
1600 1060 1470
0 214 143 125 228 102 80 88 276 266 103
214 0 254 252 106 239 290 145 134 480 272
143 254 0 20 318 41 139 120 364 301 242
125 252 20 0 310 23 119 113 357 285 223
228 106 318 310 0 292 308 198 47 482 244
102 239 41 23 292 0 103 96 338 279 201
80 290 139 119 308 103 0 152 355 191 127
88 145 120 113 198 96 152 0 244 343 183
276 134 364 357 47 338 355 244 0 527 286
266 480 301 285 482 279 191 343 527 0 246
103 272 242 223 244 201 127 183 286 246 0

5 1.5 1.5
10
3
19 37 78 33 34 88 14 62 43 70
363 308 468 367 347 437 299 313 442 198
1 6 18 28 4 50 3 53 25 37
2 5 3.3 1.9 2.6 4.6 4.7 4.1 3.1 4.2
159 146 137
1590 1460 1370
0 232 179 266 178 188 288 234 95 255 122
232 0 380 390 375 124 259 328 326 102 318
179 380 0 149 11 365 301 382 111 361 233
266 390 149 0 139 421 209 497 241 331 360
178 375 11 139 0 363 291 386 115 353 238
188 124 365 421 363 0 347 206 280 217 229
288 259 301 209 291 347 0 502 332 165 410
234 328 382 497 386 206 502 0 271 409 151
95 326 111 241 115 280 332 271 0 337 123
255 102 361 331 353 217 165 409 337 0 365
122 318 233 360 238 229 410 151 123 365 0

1 1.5 2
10
3
26 45 54 57 87 78 51 78 99 51
434 527 372 326 429 543 447 375 517 372
13 31 23 48 10 61 7 20 69 4
2 5 5 3.7 2.9 3.1 5 3.5 5 1
167 209 109
1670 2090 1090
0 203 294 210 108 206 258 234 278 279 131
203 0 459 147 98 66 435 406 468 263 316
294 459 0 368 388 487 51 376 99 329 310
210 147 368 0 167 209 358 445 406 116 341
108 98 388 167 0 100 357 311 384 271 218
206 66 487 209 100 0 457 378 483 325 299
258 435 51 358 357 457 0 325 61 336 262
234 406 376 445 311 378 325 0 296 506 105
278 468 99 406 384 483 61 296 0 393 251
279 263 329 116 271 325 336 506 393 0 401
131 316 310 341 218 299 262 105 251 401 0

2 1.5 2
10
3
74 66 81 21 37 18 22 95 85 65
234 268 379 434 448 524 91 220 339 482
25 5 51 1 2 14 11 87 84 17
2.9 2 4.4 3.8 2.4 4.1 2.2 3 4.8 4.4
190 153 144
1900 1530 1440
0 113 93 175 297 288 288 45 77 148 277
113 0 147 185 221 344 177 129 36 228 382
93 147 0 87 249 202 287 49 125 82 249
175 185 87 0 189 171 270 135 179 123 292
297 221 249 189 0 338 147 278 246 310 482
288 344 202 171 338 0 440 243 326 144 209
288 177 287 270 147 440 0 291 213 366 536
45 129 49 135 278 243 291 0 98 107 253
77 36 125 179 246 326 213 98 0 202 350
148 228 82 123 310 144 366 107 202 0 173
277 382 249 292 482 209 536 253 350 173 0

3 1.5 2
10
3
71 99 26 18 88 76 29 83 18 10
366 504 250 162 527 234 188 321 269 338
18 66 2 7 12 69 29 59 2 7
2.1 4.1 1 2 2.4 4.4 5 1.6 1.8 2.4
183 130 110
1830 1300 1100
0 238 298 145 105 284 99 48 176 244 227
238 0 468 365 342 167 289 206 384 134 89
298 468 0 346 286 570 369 290 382 380 499
145 365 346 0 63 354 80 193 38 389 327
105 342 286 63 0 361 95 150 101 346 319
284 167 570 354 361 0 274 280 357 298 84
99 289 369 80 95 274 0 145 95 329 246
48 206 290 193 150 280 145 0 225 196 213
176 384 382 38 101 357 95 225 0 418 338
244 134 380 389 346 298 329 196 418 0 215
227 89 499 327 319 84 246 213 338 215 0

4 1.5 2
10
3
20 99 3 37 36 26 61 75 36 77
449 507 416 357 352 208 448 312 400 470
11 82 1 27 5 18 17 43 16 66
4.9 1 2.9 3.1 1.1 2 3.6 4.6 3 1.8
160 197 141
1600 1970 1410
0 286 292 273 272 279 74 280 147 290 243
286 0 140 473 507 401 341 565 422 575 411
292 140 0 390 439 491 318 546 440 554 322
273 473 390 0 71 539 203 268 318 269 69
272 507 439 71 0 517 197 202 281 201 131
279 401 491 539 517 0 338 417 245 428 520
74 341 318 203 197 338 0 229 149 237 183
280 565 546 268 202 417 229 0 180 11 308
147 422 440 318 281 245 149 180 0 191 320
290 575 554 269 201 428 237 11 191 0 311
243 411 322 69 131 520 183 308 320 311 0

5 1.5 2
10
3
41 66 57 98 64 71 4 98 27 39
353 407 362 262 395 368 287 465 450 432
11 54 19 25 30 18 1 24 15 23
4.5 2.7 3.4 1.2 1.2 1.5 1.7 1.6 2.9 2.5
79 84 140
790 840 1400
0 162 241 78 78 242 104 199 254 205 181
162 0 346 110 86 204 75 336 364 365 317
241 346 0 313 273 483 326 86 20 189 87
78 110 313 0 62 171 35 277 327 279 259
78 86 273 62 0 224 55 253 290 278 234
242 204 483 171 224 0 168 439 496 417 422
104 75 326 35 55 168 0 298 342 309 280
199 336 86 277 253 439 298 0 82 103 19
254 364 20 327 290 496 342 82 0 183 89
205 365 189 279 278 417 309 103 183 0 108
181 317 87 259 234 422 280 19 89 108 0

1 1.5 2.5
10
3
17 44 98 56 90 57 37 7 45 83
364 418 414 538 512 283 308 280 332 422
10 40 94 22 49 49 6 4 7 13
2.9 4.8 3.1 2.7 1.7 4.2 3.5 2.6 1 1.8
154 153 235
1540 1530 2350
0 66 159 121 284 291 23 236 218 192 292
66 0 108 55 325 339 51 293 154 258 304
159 108 0 97 329 446 154 331 159 344 258
121 55 97 0 373 375 103 347 100 311 335
284 325 329 373 0 460 307 106 470 270 146
291 339 446 375 460 0 292 358 433 190 540
23 51 154 103 307 292 0 259 197 207 310
236 293 331 347 106 358 259 0 447 168 231
218 154 159 100 470 433 197 447 0 401 417
192 258 344 311 270 190 207 168 401 0 365
292 304 258 335 146 540 310 231 417 365 0

2 1.5 2.5
10
3
11 12 91 23 72 44 81 51 8 85
307 386 460 332 422 189 383 332 260 526
4 8 89 8 7 13 20 40 7 18
2.1 4 2.6 1.1 4.9 2.5 2.4 3.4 1.1 3.2
164 142 181
1640 1420 1810
0 188 286 254 176 281 68 265 119 223 246
188 0 475 441 67 126 254 445 265 404 288
286 475 0 45 455 558 222 108 254 117 404
254 441 45 0 418 519 193 130 239 72 397
176 67 455 418 0 105 243 441 276 371 333
281 126 558 519 105 0 349 546 379 469 414
68 254 222 193 243 349 0 197 87 175 247
265 445 108 130 441 546 197 0 190 190 315
119 265 254 239 276 379 87 190 0 243 165
223 404 117 72 371 469 175 190 243 0 408
246 288 404 397 333 414 247 315 165 408 0

3 1.5 2.5
10
3
85 29 4 44 55 86 10 92 71 21
350 224 335 500 345 455 320 486 416 348
83 26 1 8 9 79 4 50 64 9
3 2.7 3.9 4 3.6 3.2 2.1 3 1.9 2.8
222 134 124
2220 1340 1240
0 161 139 191 264 224 226 181 296 143 255
161 0 160 307 222 382 346 84 229 150 379
139 160 0 164 127 329 202 231 165 247 391
191 307 164 0 249 245 39 358 295 334 364
264 222 127 249 0 453 279 305 46 351 518
224 382 329 245 453 0 248 380 494 301 154
226 346 202 39 279 248 0 396 325 368 379
181 84 231 358 305 380 396 0 313 94 344
296 229 165 295 46 494 325 313 0 369 552
143 150 247 334 351 301 368 94 369 0 249
255 379 391 364 518 154 379 344 552 249 0

4 1.5 2.5
10
3
48 19 99 7 44 6 28 14 47 71
189 195 496 64 447 353 375 303 188 437
44 11 6 6 3 5 23 3 7 65
1.1 2.6 3.5 1.8 2.3 1.8 4.4 3.2 1.3 3.5
96 110 131
960 1100 1310
0 104 61 286 23 195 268 270 227 102 290
104 0 152 198 113 280 265 166 144 119 295
61 152 0 308 76 134 324 314 285 160 343
286 198 308 0 303 399 435 125 241 315 468
23 113 76 303 0 206 249 278 224 84 269
195 280 134 399 206 0 445 433 419 289 459
268 265 324 435 249 445 0 336 207 167 34
270 166 314 125 278 433 336 0 130 256 370
227 144 285 241 224 419 207 130 0 166 241
102 119 160 315 84 289 167 256 166 0 191
290 295 343 468 269 459 34 370 241 191 0

5 1.5 2.5
10
3
28 50 17 59 18 20 66 8 9 95
396 346 392 396 368 177 370 376 311 443
19 10 9 32 4 7 40 7 3 41
1.4 1.1 4.8 4.7 4.4 1.4 1 4.9 4.7 3.2
93 94 124
930 940 1240
0 293 171 264 298 267 69 268 224 226 259
293 0 168 296 181 42 319 506 476 205 364
171 168 0 155 129 128 226 432 312 243 206
264 296 155 0 141 254 332 529 278 398 83
298 181 129 141 0 144 355 561 395 342 223
267 42 128 254 144 0 301 495 439 216 322
69 319 226 332 355 301 0 205 267 203 328
268 506 432 529 561 495 205 0 374 334 508
224 476 312 278 395 439 267 374 0 451 209
226 205 243 398 342 216 203 334 451 0 434
259 364 206 83 223 322 328 508 209 434 0

1 2 0.5
10
3
21 50 79 53 67 79 77 26 66 16
245 169 281 355 403 396 336 409 275 293
11 3 3 24 7 15 31 13 11 13
4.6 2.3 4.8 3.5 1.6 3.5 2.3 2.7 1.4 4.6
91 56 93
910 560 930
0 132 76 113 298 285 248 204 296 95 141
132 0 142 238 174 201 304 194 428 172 118
76 142 0 113 317 234 324 132 317 29 200
113 238 113 0 409 345 300 225 204 97 249
298 174 317 409 0 269 374 339 588 346 200
285 201 234 345 269 0 503 140 548 248 319
248 304 324 300 374 503 0 450 344 339 193
204 194 132 225 339 140 450 0 422 131 297
296 428 317 204 588 548 344 422 0 300 400
95 172 29 97 346 248 339 131 300 0 227
141 118 200 249 200 319 193 297 400 227 0

2 2 0.5
10
3
54 94 98 2 17 73 90 26 96 41
142 466 437 369 287 377 321 389 476 399
3 63 94 2 12 45 66 8 23 27
5 1.6 1.2 2.6 3.8 4.8 3.7 4 2.5 3.3
241 279 222
2410 2790 2220
0 29 292 206 229 120 239 165 217 231 264
29 0 263 181 199 109 250 146 241 211 248
292 263 0 126 66 242 450 227 471 231 222
206 181 126 0 103 123 415 223 353 260 116
229 199 66 103 0 196 385 165 419 179 217
120 109 242 123 196 0 359 229 230 287 145
239 250 450 415 385 359 0 225 375 252 498
165 146 227 223 165 229 225 0 383 65 331
217 241 471 353 419 230 375 383 0 448 335
231 211 231 260 179 287 252 65 448 0 374
264 248 222 116 217 145 498 331 335 374 0

3 2 0.5
10
3
40 99 27 73 60 57 87 40 51 36
176 343 305 442 249 288 471 360 411 471
26 78 13 8 24 56 82 2 24 35
3.2 3.7 2.7 2.1 2.2 1.3 2.9 4.6 3.6 4.2
184 188 151
1840 1880 1510
0 96 149 213 232 124 121 268 178 200 288
96 0 232 227 220 211 89 228 154 256 359
149 232 0 179 232 29 270 297 322 277 317
213 227 179 0 62 189 309 136 375 408 476
232 220 232 62 0 237 308 74 374 433 511
124 211 29 189 237 0 243 299 294 250 295
121 89 270 309 308 243 0 317 66 190 302
268 228 297 136 74 299 317 0 380 467 555
178 154 322 375 374 294 66 380 0 176 288
200 256 277 408 433 250 190 467 176 0 113
288 359 317 476 511 295 302 555 288 113 0

4 2 0.5
10
3
49 93 23 55 40 79 70 49 75 1
424 444 345 424 245 254 155 359 432 364
30 79 8 55 20 54 35 3 47 1
2.4 4.2 1.9 2.1 4.9 4.6 3.1 2.5 4.4 3.5
288 165 230
2880 1650 2300
0 275 287 247 256 161 66 45 221 264 225
275 0 536 314 465 212 222 231 388 143 265
287 536 0 505 395 445 318 329 425 551 337
247 314 505 0 206 118 274 229 118 188 440
256 465 395 206 0 256 317 275 89 372 481
161 212 445 118 256 0 167 129 176 124 325
66 222 318 274 317 167 0 46 272 242 171
45 231 329 229 275 129 46 0 226 221 218
221 388 425 118 89 176 272 226 0 286 443
264 143 551 188 372 124 242 221 286 0 359
225 265 337 440 481 325 171 218 443 359 0

5 2 0.5
10
3
91 1 30 12 46 6 30 7 82 63
241 92 277 213 277 299 359 316 288 413
60 1 28 4 29 3 2 7 69 14
1.3 3 2.3 3 2.3 4.6 1.1 2.3 2.3 3
104 139 106
1040 1390 1060
0 85 44 199 148 192 248 244 230 161 288
85 0 109 251 140 138 318 244 179 237 245
44 109 0 231 192 182 210 287 271 176 269
199 251 231 0 153 384 350 148 255 97 486
148 140 192 153 0 277 385 104 110 196 384
192 138 182 384 277 0 338 380 287 353 107
248 318 210 350 385 338 0 462 478 255 376
244 244 287 148 104 380 462 0 143 232 487
230 179 271 255 110 287 478 143 0 306 389
161 237 176 97 196 353 255 232 306 0 445
288 245 269 486 384 107 376 487 389 445 0

1 2 1
10
3
82 27 68 25 88 23 99 70 71 97
414 364 320 199 252 444 465 218 293 458
29 26 12 19 58 9 44 25 22 52
2.1 1.1 4.6 4.1 1.1 3.7 4.5 4.4 4.9 3.5
115 98 237
1150 980 2370
0 289 223 223 170 59 263 271 94 76 237
289 0 67 188 122 275 527 186 337 329 461
223 67 0 146 55 213 460 179 277 262 408
223 188 146 0 124 251 385 318 311 215 456
170 122 55 124 0 167 405 195 232 206 369
59 275 213 251 167 0 314 222 65 136 206
263 527 460 385 405 314 0 534 298 200 365
271 186 179 318 195 222 534 0 261 341 339
94 337 277 311 232 65 298 261 0 157 144
76 329 262 215 206 136 200 341 157 0 287
237 461 408 456 369 206 365 339 144 287 0

2 2 1
10
3
10 16 72 27 37 14 63 83 34 75
304 253 369 445 325 303 402 313 422 277
1 13 29 21 28 6 53 73 7 29
3.3 5 1.5 3 2.9 3.1 2.9 3.4 2.2 2.4
174 244 103
1740 2440 1030
0 250 176 281 284 255 241 216 139 251 131
250 0 201 529 234 449 153 145 367 31 349
176 201 0 392 107 432 87 275 216 179 308
281 529 392 0 482 293 478 487 175 525 249
284 234 107 482 0 539 82 347 309 204 416
255 449 432 293 539 0 489 335 303 464 123
241 153 87 478 82 489 0 267 303 123 370
216 145 275 487 347 335 267 0 355 172 260
139 367 216 175 309 303 303 355 0 358 195
251 31 179 525 204 464 123 172 358 0 358
131 349 308 249 416 123 370 260 195 358 0

3 2 1
10
3
32 29 37 47 90 37 14 51 36 5
284 225 339 421 210 173 220 245 348 305
26 8 34 30 34 28 8 23 22 1
4.8 2.8 2.4 4.3 1.4 2.4 1.8 5 2.3 4.9
112 118 92
1120 1180 920
0 201 170 214 224 77 87 146 112 273 182
201 0 180 73 39 163 215 58 171 214 88
170 180 0 243 170 94 103 138 58 106 235
214 73 243 0 108 202 254 106 221 287 38
224 39 170 108 0 174 223 78 174 185 127
77 163 94 202 174 0 52 105 37 196 181
87 215 103 254 223 52 0 157 55 209 231
146 58 138 106 78 105 157 0 117 198 98
112 171 58 221 174 37 55 117 0 163 204
273 214 106 287 185 196 209 198 163 0 292
182 88 235 38 127 181 231 98 204 292 0

4 2 1
10
3
63 34 41 66 62 43 68 21 27 72
354 302 329 348 324 204 396 402 335 406
17 22 16 2 54 21 37 21 2 68
3.9 4.3 2.5 1.1 1.2 2.8 1.6 4.3 3.5 4.6
100 138 217
1000 1380 2170
0 192 164 279 147 185 30 245 296 217 277
192 0 140 422 338 252 208 54 237 378 191
164 140 0 300 294 316 194 183 359 381 113
279 422 300 0 243 449 293 473 575 377 368
147 338 294 243 0 235 131 391 390 134 405
185 252 316 449 235 0 161 284 165 177 417
30 208 194 293 131 161 0 260 284 187 307
245 54 183 473 391 284 260 0 235 424 207
296 237 359 575 390 165 284 235 0 342 428
217 378 381 377 134 177 187 424 342 0 495
277 191 113 368 405 417 307 207 428 495 0

5 2 1
10
3
49 83 82 20 78 74 48 58 16 6
476 430 461 383 360 293 283 498 362 98
35 13 20 19 76 67 8 11 10 1
1.2 4.2 4.9 3.8 3.3 2 1.6 1.4 2.4 1
104 166 152
1040 1660 1520
0 253 228 293 289 138 37 197 279 283 51
253 0 292 473 104 385 273 344 255 241 295
228 292 0 209 239 252 265 425 463 459 212
293 473 209 0 442 203 315 465 572 575 246
289 104 239 442 0 401 319 423 357 345 317
138 385 252 203 401 0 139 267 401 408 90
37 273 265 315 319 139 0 162 263 269 69
197 344 425 465 423 267 162 0 185 201 228
279 255 463 572 357 401 263 185 0 19 328
283 241 459 575 345 408 269 201 19 0 333
51 295 212 246 317 90 69 228 328 333 0

1 2 1.5
10
3
49 98 97 7 48 27 91 20 43 2
315 316 431 232 351 220 421 303 364 274
24 7 27 3 10 14 11 10 33 2
1.1 5 4.1 2.7 1.3 3.1 1.4 2.8 3.1 3.3
82 104 112
820 1040 1120
0 186 193 164 175 117 49 292 94 264 205
186 0 347 207 216 183 150 387 200 448 128
193 347 0 348 182 174 202 149 273 156 294
164 207 348 0 324 267 187 456 74 372 304
175 216 182 324 0 58 137 172 264 330 120
117 183 174 267 58 0 79 209 206 305 123
49 150 202 187 137 79 0 277 128 298 156
292 387 149 456 172 209 277 0 385 291 288
94 200 273 74 264 206 128 385 0 304 268
264 448 156 372 330 305 298 291 304 0 428
205 128 294 304 120 123 156 288 268 428 0

2 2 1.5
10
3
94 4 58 19 57 46 20 43 81 2
269 355 311 327 425 427 174 249 241 287
41 4 48 3 45 34 1 29 68 1
1.3 3.7 1.6 3.4 1.3 3.3 4.8 1.5 3.3 3.7
193 135 234
1930 1350 2340
0 138 254 177 228 297 214 43 136 59 101
138 0 135 299 94 330 84 140 8 183 201
254 135 0 377 58 460 144 269 143 280 276
177 299 377 0 373 427 382 209 300 119 101
228 94 58 373 0 406 86 234 100 265 271
297 330 460 427 406 0 329 254 322 343 392
214 84 144 382 86 329 0 203 82 264 285
43 140 269 209 234 254 203 0 136 97 143
136 8 143 300 100 322 82 136 0 183 203
59 183 280 119 265 343 264 97 183 0 49
101 201 276 101 271 392 285 143 203 49 0

3 2 1.5
10
3
46 32 49 46 7 89 76 67 20 57
313 372 265 323 315 372 307 346 332 271
11 27 27 5 7 70 48 5 9 29
1.5 1.8 2 1.8 1.3 2.9 3 4.5 5 2.2
192 182 224
1920 1820 2240
0 141 230 141 146 270 175 170 171 231 160
141 0 266 228 29 409 317 187 312 362 200
230 266 0 107 242 316 294 79 305 242 72
141 228 107 0 213 231 190 96 200 163 67
146 29 242 213 0 407 320 163 317 355 178
270 409 316 231 407 0 107 327 123 74 299
175 317 294 190 320 107 0 278 19 113 253
170 187 79 96 163 327 278 0 285 259 29
171 312 305 200 317 123 19 285 0 132 261
231 362 242 163 355 74 113 259 132 0 229
160 200 72 67 178 299 253 29 261 229 0

4 2 1.5
10
3
2 55 61 83 94 47 71 52 52 86
319 498 436 413 464 390 349 301 350 378
2 23 40 36 74 7 15 35 47 33
2.7 2.8 2.4 5 2.7 1.4 3 3.1 3.3 2.7
275 136 265
2750 1360 2650
0 268 288 237 183 263 202 151 130 208 115
268 0 554 216 248 530 279 355 345 72 383
288 554 0 455 382 90 425 241 282 489 174
237 216 455 0 72 467 385 215 365 156 320
183 248 382 72 0 397 356 143 313 178 253
263 530 90 467 397 0 361 267 220 471 151
202 279 425 385 356 361 0 354 142 267 267
151 355 241 215 143 267 354 0 257 284 145
130 345 282 365 313 220 142 257 0 303 136
208 72 489 156 178 471 267 284 303 0 322
115 383 174 320 253 151 267 145 136 322 0

5 2 1.5
10
3
68 40 96 27 76 79 54 48 99 63
