1 1.5 2
8
3
91 15 5 33 58 90 2 10
454 483 233 187 446 312 319 305
62 3 1 31 16 85 2 9
1.6 3.8 4.7 3.5 2.5 1.7 4.4 3.8
182 158 174
1456 1264 1392
0 273 265 159 83 240 84 263 102
273 0 530 278 317 496 351 125 375
265 530 0 298 271 51 213 527 176
159 278 298 0 243 251 223 335 217
83 317 271 243 0 263 58 272 96
240 496 51 251 263 0 204 504 167
84 351 213 223 58 204 0 322 37
263 125 527 335 272 504 322 0 355
102 375 176 217 96 167 37 355 0
