1 1 0.5
15
3
31 88 57 93 33 98 16 33 12 57 11 34 16 51 44
272 238 436 333 324 494 368 376 382 395 349 362 382 427 177
12 10 45 33 10 46 15 10 12 45 6 5 6 25 18
1 3 2 1 3.8 3.1 2.2 5 4.6 2.1 1.3 4.6 1.8 1.3 5
80 117 139
1200 1755 2085
0 40 83 220 130 150 294 280 207 262 274 177 242 188 274 85
40 0 107 254 113 190 334 315 184 287 309 155 250 164 312 50
83 107 0 151 213 127 272 213 190 311 207 259 314 174 275 158
220 254 151 0 346 119 188 62 311 349 56 395 399 299 236 304
130 113 213 346 0 253 377 402 274 245 396 49 166 256 332 74
150 190 127 119 253 0 147 159 317 231 155 303 281 300 151 233
294 334 272 188 377 147 0 173 461 247 174 424 346 446 81 372
280 315 213 62 402 159 173 0 370 375 6 451 440 360 238 364
207 184 190 311 274 317 461 370 0 469 364 297 431 19 464 200
262 287 311 349 245 231 247 375 469 0 372 272 120 450 168 290
274 309 207 56 396 155 174 6 364 372 0 446 436 354 238 358
177 155 259 395 49 303 424 451 297 272 446 0 176 280 375 109
242 250 314 399 166 281 346 440 431 120 436 176 0 412 274 233
188 164 174 299 256 300 446 360 19 450 354 280 412 0 447 182
274 312 275 236 332 151 81 238 464 168 238 375 274 447 0 342
85 50 158 304 74 233 372 364 200 290 358 109 233 182 342 0
