1 1.5 0.5
50
5
65 53 16 71 63 87 50 56 78 28 58 52 59 5 12 99 85 39 54 93 60 5 76 12 58 15 30 53 93 81 56 58 32 71 27 94 56 76 51 32 5 7 84 61 12 95 61 96 32 13
689 919 278 636 338 584 825 827 412 751 919 562 486 557 776 645 569 643 502 870 451 265 639 644 837 546 841 505 248 617 349 704 64 644 897 597 405 515 653 350 727 507 820 606 744 513 835 800 352 616
21 17 7 48 19 82 40 20 40 1 47 31 3 5 2 52 72 17 46 39 54 1 64 9 45 10 5 52 91 1 28 47 3 11 27 39 24 61 38 7 1 3 41 3 1 54 21 77 21 9
1.5 2.5 3.4 1.2 3.4 2.3 4.1 2.5 4.2 3.6 4.4 3.4 1.7 3.9 2.8 1.8 2.1 3 2.7 2.2 2.7 2.5 2 3.2 1.2 1.9 1.6 1.1 4.9 4.4 4.3 1.3 1.8 2.8 1.8 4.3 4.2 4.9 1.9 3.3 3.6 1.3 1.8 4.3 4.4 3.7 1.2 1.4 1.8 3.1
478 475 409 511 450
23900 23750 20450 25550 22500
0 252 417 86 407 242 231 427 366 221 371 499 475 336 258 446 488 222 480 213 304 387 229 193 499 339 226 488 252 102 374 87 411 17 156 445 205 118 344 497 270 444 425 410 209 481 195 389 275 216 393
252 0 240 176 238 494 409 632 608 42 623 737 265 423 314 667 591 400 233 141 414 595 394 355 247 89 308 719 380 154 627 300 606 252 299 495 157 369 450 266 520 193 583 188 442 257 338 137 448 308 599
417 240 0 332 437 627 624 839 781 279 749 814 80 660 297 720 522 451 193 205 647 800 613 573 260 195 318 783 609 352 764 493 631 408 518 736 215 513 418 380 645 259 809 345 627 389 383 234 666 327 805
86 176 332 0 367 320 302 509 452 154 448 561 389 381 216 495 476 240 398 129 355 469 296 257 422 260 192 544 306 63 455 163 443 80 208 481 124 196 329 436 345 369 495 351 295 422 189 314 346 185 474
407 238 437 367 0 634 441 650 690 228 756 904 424 365 548 853 824 607 314 378 380 623 420 393 270 242 537 895 377 312 749 404 810 416 350 381 393 518 681 154 665 217 554 105 527 125 553 209 464 535 623
242 494 627 320 634 0 277 336 190 464 128 276 695 436 375 261 473 226 718 427 394 300 294 289 741 579 340 279 347 344 137 231 285 242 302 547 414 124 370 738 31 687 415 650 161 720 271 631 301 327 309
231 409 624 302 441 277 0 224 255 367 363 545 668 159 487 539 688 410 637 428 117 190 22 54 634 495 453 554 76 271 344 143 549 247 109 270 426 229 553 578 307 572 194 496 119 554 409 524 43 442 192
427 632 839 509 650 336 224 0 173 591 341 527 888 302 662 565 808 544 861 638 274 40 241 278 857 719 625 553 274 488 307 346 615 440 333 366 632 371 693 795 351 795 141 715 225 769 567 749 190 613 34
366 608 781 452 690 190 255 173 0 571 167 354 841 395 556 393 659 415 841 576 356 149 277 298 852 698 520 379 329 454 133 309 451 373 340 488 566 271 560 818 195 792 294 732 168 796 454 740 248 507 158
221 42 279 154 228 464 367 591 571 0 593 715 307 382 319 649 595 388 272 153 372 554 352 313 280 128 308 698 338 120 595 262 594 223 257 457 166 340 452 281 492 223 540 197 404 269 330 169 406 306 558
371 623 749 448 756 128 363 341 167 593 0 190 819 521 483 227 524 322 846 553 478 315 384 389 870 708 450 212 439 472 36 351 298 370 413 625 539 253 449 864 104 815 454 777 246 846 379 760 374 438 324
499 737 814 561 904 276 545 527 354 715 190 0 891 704 521 111 456 362 943 638 662 503 564 564 978 815 495 46 619 600 221 505 219 493 579 812 622 386 437 995 245 929 644 909 426 980 431 873 561 486 512
475 265 80 389 424 695 668 888 841 307 819 891 0 687 376 799 600 528 136 268 679 850 655 615 205 196 396 861 645 399 832 544 711 468 559 753 280 578 499 340 715 221 847 323 683 355 459 214 709 404 854
336 423 660 381 365 436 159 302 395 382 521 704 687 0 591 697 821 546 625 490 42 284 141 156 605 496 561 713 92 329 499 259 701 353 180 114 493 374 679 517 466 543 189 446 278 489 530 507 148 551 281
258 314 297 216 548 375 487 662 556 319 483 521 376 591 0 424 276 164 454 173 561 621 487 452 504 358 36 488 509 277 505 344 334 241 412 695 157 292 138 572 385 472 680 500 437 568 104 421 530 48 628
446 667 720 495 853 261 539 565 393 649 227 111 799 697 424 0 345 274 861 556 655 535 555 547 901 740 402 68 607 542 264 470 108 437 551 809 539 344 329 931 233 855 666 847 422 918 343 800 562 395 545
488 591 522 476 824 473 688 808 659 595 524 456 600 821 276 345 0 277 705 450 785 770 695 668 763 629 288 410 732 539 558 561 239 472 642 932 433 460 147 844 464 738 866 776 602 842 293 691 727 293 779
222 400 451 240 607 226 410 544 415 388 322 362 528 546 164 274 277 0 587 282 508 504 417 391 627 468 134 333 455 297 346 286 205 207 369 658 265 183 149 667 230 584 591 585 328 657 69 530 449 124 513
480 233 193 398 314 718 637 861 841 272 846 943 136 625 454 861 705 587 0 305 625 825 621 582 69 144 465 919 599 387 853 533 784 478 527 674 321 595 588 208 743 97 800 209 675 226 518 118 674 471 828
213 141 205 129 378 427 428 638 576 153 553 638 268 490 173 556 450 282 305 0 470 598 421 381 345 189 172 614 425 163 564 292 483 203 329 582 17 310 311 399 448 304 620 326 423 394 215 252 472 174 604
304 414 647 355 380 394 117 274 356 372 478 662 679 42 561 655 785 508 625 470 0 252 99 117 609 491 530 671 53 307 457 223 660 321 149 154 471 334 645 530 424 547 176 455 235 503 496 507 107 520 250
387 595 800 469 623 300 190 40 149 554 315 503 850 284 621 535 770 504 825 598 252 0 208 244 824 683 585 527 246 450 282 307 581 399 298 359 592 330 654 765 317 762 146 685 184 740 527 714 159 572 9
229 394 613 296 420 294 22 241 277 352 384 564 655 141 487 555 695 417 621 421 99 208 0 40 616 479 454 572 55 260 365 142 562 245 95 254 419 238 558 558 324 554 199 476 138 534 412 507 53 443 210
193 355 573 257 393 289 54 278 298 313 389 564 615 156 452 547 668 391 582 381 117 244 40 0 580 441 419 568 64 220 374 108 546 210 56 270 379 218 529 527 320 518 238 444 143 503 381 470 93 409 246
499 247 260 422 270 741 634 857 852 280 870 978 205 605 504 901 763 627 69 345 609 824 616 580 0 162 512 956 589 401 874 542 828 499 526 643 362 617 641 145 767 62 786 166 684 166 560 111 668 516 826
339 89 195 260 242 579 495 719 698 128 708 815 196 496 358 740 629 468 144 189 491 683 479 441 162 0 361 794 461 243 714 389 671 338 385 557 206 455 497 215 605 116 663 158 531 216 402 63 533 363 686
226 308 318 192 537 340 453 625 520 308 450 495 396 561 36 402 288 134 465 172 530 585 454 419 512 361 0 465 478 254 470 311 318 209 381 667 154 256 143 571 351 476 646 496 401 565 70 424 496 12 592
488 719 783 544 895 279 554 553 379 698 212 46 861 713 488 68 410 333 919 614 671 527 572 568 956 794 465 0 626 587 246 502 176 480 579 823 597 378 397 980 248 909 664 894 435 966 403 854 573 456 536
252 380 609 306 377 347 76 274 329 338 439 619 645 92 509 607 732 455 599 425 53 246 55 64 589 461 478 626 0 262 421 170 609 269 98 206 425 282 591 521 378 526 202 442 193 495 443 483 87 468 246
102 154 352 63 312 344 271 488 454 120 472 600 399 329 277 542 539 297 387 163 307 450 260 220 401 243 254 587 262 0 474 147 498 107 166 425 164 220 392 395 372 344 458 308 289 379 251 289 313 248 454
374 627 764 455 749 137 344 307 133 595 36 221 832 499 505 264 558 346 853 564 457 282 365 374 874 714 470 246 421 474 0 346 334 375 402 601 551 258 478 862 119 818 423 775 230 843 400 764 352 459 291
87 300 493 163 404 231 143 346 309 262 351 505 544 259 344 470 561 286 533 292 223 307 142 108 542 389 311 502 170 147 346 0 455 103 84 371 287 127 421 517 262 483 338 430 142 497 273 431 187 300 312
411 606 631 443 810 285 549 615 451 594 298 219 711 701 334 108 239 205 784 483 660 581 562 546 828 671 318 176 609 498 334 455 0 399 539 815 466 329 226 872 265 787 700 791 440 862 269 733 579 313 591
17 252 408 80 416 242 247 440 373 223 370 493 468 353 241 437 472 207 478 203 321 399 245 210 499 338 209 480 269 107 375 103 399 0 173 462 195 117 327 502 268 445 441 415 220 486 178 389 290 199 405
156 299 518 208 350 302 109 333 340 257 413 579 559 180 412 551 642 369 527 329 149 298 95 56 526 385 381 579 98 166 402 84 539 173 0 290 328 210 499 479 334 464 291 394 176 456 350 416 149 371 301
445 495 736 481 381 547 270 366 488 457 625 812 753 114 695 809 932 658 674 582 154 359 254 270 643 557 667 823 206 425 601 371 815 462 290 0 586 488 789 534 577 584 229 477 388 506 640 556 251 658 354
205 157 215 124 393 414 426 632 566 166 539 622 280 493 157 539 433 265 321 17 471 592 419 379 362 206 154 597 425 164 551 287 466 195 328 586 0 298 294 416 434 322 618 343 415 411 197 269 469 156 598
118 369 513 196 518 124 229 371 271 340 253 386 578 374 292 344 460 183 595 310 334 330 238 218 617 455 256 378 282 220 258 127 329 117 210 488 298 0 330 615 152 562 408 528 148 598 196 507 266 243 338
344 450 418 329 681 370 553 693 560 452 449 437 499 679 138 329 147 149 588 311 645 654 558 529 641 497 143 397 591 392 478 421 226 327 499 789 294 330 0 710 368 610 738 638 477 706 149 560 593 146 662
497 266 380 436 154 738 578 795 818 281 864 995 340 517 572 931 844 667 208 399 530 765 558 527 145 215 571 980 521 395 862 517 872 502 479 534 416 615 710 0 767 121 705 87 651 28 604 155 606 572 766
270 520 645 345 665 31 307 351 195 492 104 245 715 466 385 233 464 230 743 448 424 317 324 320 767 605 351 248 378 372 119 262 265 268 334 577 434 152 368 767 0 713 437 680 189 749 281 658 329 339 326
444 193 259 369 217 687 572 795 792 223 815 929 221 543 472 855 738 584 97 304 547 762 554 518 62 116 476 909 526 344 818 483 787 445 464 584 322 562 610 121 713 0 723 112 624 133 518 55 605 478 764
425 583 809 495 554 415 194 141 294 540 454 644 847 189 680 666 866 591 800 620 176 146 199 238 786 663 646 664 202 458 423 338 700 441 291 229 618 408 738 705 437 723 0 632 265 678 598 683 150 634 138
410 188 345 351 105 650 496 715 732 197 777 909 323 446 500 847 776 585 209 326 455 685 476 444 166 158 496 894 442 308 775 430 791 415 394 477 343 528 638 87 680 112 632 0 565 71 525 111 525 496 686
209 442 627 295 527 161 119 225 168 404 246 426 683 278 437 422 602 328 675 423 235 184 138 143 684 531 401 435 193 289 230 142 440 220 176 388 415 148 477 651 189 624 265 565 0 629 344 572 140 388 191
481 257 389 422 125 720 554 769 796 269 846 980 355 489 568 918 842 657 226 394 503 740 534 503 166 216 565 966 495 379 843 497 862 486 456 506 411 598 706 28 749 133 678 71 629 0 596 158 581 565 741
195 338 383 189 553 271 409 567 454 330 379 431 459 530 104 343 293 69 518 215 496 527 412 381 560 402 70 403 443 251 400 273 269 178 350 640 197 196 149 604 281 518 598 525 344 596 0 464 450 59 534
389 137 234 314 209 631 524 749 740 169 760 873 214 507 421 800 691 530 118 252 507 714 507 470 111 63 424 854 483 289 764 431 733 389 416 556 269 507 560 155 658 55 683 111 572 158 464 0 560 426 717
275 448 666 346 464 301 43 190 248 406 374 561 709 148 530 562 727 449 674 472 107 159 53 93 668 533 496 573 87 313 352 187 579 290 149 251 469 266 593 606 329 605 150 525 140 581 450 560 0 485 160
216 308 327 185 535 327 442 613 507 306 438 486 404 551 48 395 293 124 471 174 520 572 443 409 516 363 12 456 468 248 459 300 313 199 371 658 156 243 146 572 339 478 634 496 388 565 59 426 485 0 580
393 599 805 474 623 309 192 34 158 558 324 512 854 281 628 545 779 513 828 604 250 9 210 246 826 686 592 536 246 454 291 312 591 405 301 354 598 338 662 766 326 764 138 686 191 741 534 717 160 580 0

2 1.5 0.5
50
5
57 80 97 36 91 88 31 8 16 76 46 88 83 79 97 21 81 15 72 98 31 7 67 23 62 63 3 38 64 90 21 19 70 19 53 59 5 83 67 20 59 11 8 41 88 4 59 69 18 31
796 731 872 353 611 625 222 580 606 744 753 417 486 610 733 788 948 484 780 500 438 780 385 693 888 854 406 610 555 717 610 604 323 495 383 535 448 536 644 353 588 341 825 470 550 246 777 602 500 519
56 72 60 5 65 30 26 8 9 15 36 66 56 38 31 13 68 3 18 68 21 6 21 15 60 3 2 34 46 18 1 8 29 4 43 5 2 71 66 3 54 5 8 38 32 3 38 11 9 3
2.9 3.3 1.8 4.5 4.8 4.8 1.6 3.3 1.4 4.7 2.3 2.9 1.6 2.8 3.9 2.7 1.4 1.7 2.1 3.1 1.8 3 3.6 3 4.1 2.5 4.8 4.9 2.8 4.7 4.3 5 3.2 1.2 4.6 2.9 1.1 1.1 1.3 1.5 4.8 2.6 3.4 1.3 4.4 2.2 3.3 5 3.2 4.4
379 486 388 362 361
18950 24300 19400 18100 18050
0 380 347 405 229 485 382 42 424 484 264 321 183 190 128 342 364 458 202 375 224 328 361 68 295 405 394 240 440 310 321 209 285 118 329 264 318 415 273 463 196 286 182 386 372 313 180 431 461 421 309
380 0 394 773 350 312 402 406 605 862 534 698 380 199 476 717 186 826 320 391 584 611 635 397 635 172 242 594 505 405 337 380 94 269 50 230 287 794 137 793 487 593 224 761 741 627 526 570 294 755 654
347 394 0 695 118 668 660 329 763 731 249 529 504 275 471 534 522 744 149 649 547 306 314 414 392 537 191 388 115 50 57 525 343 283 368 479 107 630 271 792 254 632 389 657 528 350 519 760 645 749 637
405 773 695 0 590 771 586 395 429 124 480 206 426 595 297 221 700 53 579 587 189 479 504 376 362 749 792 328 748 647 691 442 682 523 723 593 703 167 678 160 446 235 552 55 270 423 249 485 752 137 140
229 350 118 590 0 587 555 212 646 637 195 440 388 185 353 450 443 641 38 545 433 269 289 295 324 465 222 305 219 86 100 410 277 173 313 383 120 543 214 678 171 514 288 556 453 298 402 645 563 635 523
485 312 668 771 587 0 204 526 441 886 727 780 353 401 507 804 145 817 549 198 597 800 831 454 780 139 548 724 783 663 612 333 327 432 312 221 568 854 399 726 664 542 314 782 845 795 537 383 24 699 632
382 402 660 586 555 204 0 424 238 706 646 629 207 387 357 655 224 628 517 11 428 710 743 329 663 261 596 603 772 640 612 181 366 382 376 190 580 689 426 526 578 351 271 604 701 692 372 184 192 502 445
42 406 329 395 212 526 424 0 455 464 223 292 222 210 142 311 403 448 191 417 223 286 319 101 254 443 397 200 414 288 310 249 312 138 356 305 313 389 291 467 156 302 219 371 338 271 189 466 502 425 312
424 605 763 429 646 441 238 455 0 553 667 542 262 523 327 568 447 458 613 246 334 714 747 355 632 491 753 572 862 730 727 246 545 485 568 375 709 570 587 322 603 215 413 464 622 678 306 64 431 311 302
484 862 731 124 637 886 706 464 553 0 495 203 535 673 393 203 806 104 633 706 291 474 493 468 357 853 851 343 766 681 736 553 768 601 811 697 756 110 755 265 476 357 647 104 233 416 353 609 866 252 261
264 534 249 480 195 727 646 223 667 495 0 292 446 345 341 293 591 525 216 638 374 76 104 324 144 623 412 153 271 200 272 472 451 296 492 507 309 389 398 603 67 486 412 435 280 104 371 685 703 562 458
321 698 529 206 440 780 629 292 542 203 292 0 429 502 274 26 676 241 440 626 210 278 300 329 159 721 658 141 563 479 537 453 604 430 649 570 560 102 580 356 275 328 500 153 80 220 257 585 757 322 251
183 380 504 426 388 353 207 222 262 535 446 429 0 262 155 455 274 475 354 202 245 507 540 123 455 323 494 395 607 474 466 26 302 223 335 169 446 500 333 416 378 216 162 431 499 485 183 256 332 381 292
190 199 275 595 185 401 387 210 523 673 345 502 262 0 305 519 257 648 148 377 410 422 449 226 436 282 231 394 390 263 225 276 108 72 151 203 193 600 83 639 292 447 117 576 541 432 358 507 377 598 490
128 476 471 297 353 507 357 142 327 393 341 274 155 305 0 300 413 349 329 353 107 387 421 80 315 460 521 254 556 430 448 179 385 238 426 305 446 348 388 336 277 160 255 290 345 355 53 349 485 294 185
342 717 534 221 450 804 655 311 568 203 293 26 455 519 300 0 699 252 451 652 237 272 292 352 154 743 670 146 563 484 545 479 623 448 667 593 570 96 597 375 281 353 522 166 54 214 284 611 782 342 276
364 186 522 700 443 145 224 403 447 806 591 676 274 257 413 699 0 750 405 213 515 666 695 347 656 48 410 603 638 518 467 263 183 294 174 108 424 759 255 684 530 487 183 701 734 666 453 402 122 651 566
458 826 744 53 641 817 628 448 458 104 525 241 475 648 349 252 750 0 631 630 241 519 542 429 400 798 844 372 794 695 741 490 734 576 776 643 755 181 731 161 493 277 604 90 296 462 301 517 798 151 185
202 320 149 579 38 549 517 191 613 633 216 440 354 148 329 451 405 631 0 507 415 292 315 266 336 429 218 309 255 123 119 375 243 136 281 344 123 543 183 659 181 489 250 548 460 315 380 610 525 616 504
375 391 649 587 545 198 11 417 246 706 638 626 202 377 353 652 213 630 507 0 426 703 736 323 657 251 585 597 762 630 601 176 354 372 365 178 569 688 415 530 571 352 260 604 698 685 370 193 185 505 446
224 584 547 189 433 597 428 223 334 291 374 210 245 410 107 237 515 241 415 426 0 402 434 187 304 563 618 248 619 502 532 264 493 340 534 407 536 261 493 245 320 123 362 186 289 357 61 374 576 202 90
328 611 306 479 269 800 710 286 714 474 76 278 507 422 387 272 666 519 292 703 402 0 33 383 118 699 480 157 302 260 337 533 528 371 569 579 378 365 474 616 136 521 485 429 246 58 410 737 776 576 480
361 635 314 504 289 831 743 319 747 493 104 300 540 449 421 292 695 542 315 736 434 33 0 417 142 727 494 186 298 270 350 567 553 400 594 610 393 383 498 644 167 553 516 453 261 81 444 770 806 605 510
68 397 414 376 295 454 329 101 355 468 324 329 123 226 80 352 347 429 266 323 187 383 417 0 334 393 446 275 508 377 385 150 305 161 347 241 377 413 308 414 257 227 178 366 391 362 132 364 431 372 264
295 635 392 362 324 780 663 254 632 357 144 159 455 436 315 154 656 400 336 657 304 118 142 334 0 695 546 60 411 343 411 482 545 373 588 559 444 249 504 503 154 427 472 311 136 61 326 662 756 465 374
405 172 537 749 465 139 261 443 491 853 623 721 323 282 460 743 48 798 429 251 563 699 727 393 695 0 409 644 652 537 480 311 194 328 173 156 434 806 266 733 565 536 223 749 777 702 501 443 121 700 615
394 242 191 792 222 548 596 397 753 851 412 658 494 231 521 670 410 844 218 585 618 480 494 446 546 409 0 526 284 226 145 507 232 285 237 406 103 761 170 858 393 673 341 764 675 516 574 734 529 815 704
240 594 388 328 305 724 603 200 572 343 153 141 395 394 254 146 603 372 309 597 248 157 186 275 60 644 526 0 424 338 399 422 502 327 546 504 425 241 466 459 135 370 420 282 150 108 266 601 700 420 323
440 505 115 748 219 783 772 414 862 766 271 563 607 390 556 563 638 794 255 762 619 302 298 508 411 652 284 424 0 133 171 629 458 391 482 593 219 659 386 860 303 715 502 704 546 357 600 863 761 817 708
310 405 50 647 86 663 640 288 730 681 200 479 474 263 430 484 518 695 123 630 502 260 270 377 343 537 226 338 133 0 80 496 344 259 375 465 129 580 275 746 204 590 371 608 478 302 477 730 640 703 592
321 337 57 691 100 612 612 310 727 736 272 537 466 225 448 545 467 741 119 601 532 337 350 385 411 480 145 399 171 80 0 485 286 242 311 428 51 639 214 777 263 608 341 656 544 376 499 720 590 734 622
209 380 525 442 410 333 181 249 246 553 472 453 26 276 179 479 263 490 375 176 264 533 567 150 482 311 507 422 629 496 485 0 307 242 337 160 464 522 343 423 405 224 170 449 524 512 204 235 312 389 305
285 94 343 682 277 327 366 312 545 768 451 604 302 108 385 623 183 734 243 354 493 528 553 305 545 194 232 502 458 344 286 307 0 175 44 178 241 700 72 708 400 510 140 668 647 540 436 516 305 669 566
118 269 283 523 173 432 382 138 485 601 296 430 223 72 238 448 294 576 136 372 340 371 400 161 373 328 285 327 391 259 242 242 175 0 219 216 224 527 155 574 237 387 120 504 472 374 291 478 408 532 423
329 50 368 723 313 312 376 356 568 811 492 649 335 151 426 667 174 776 281 365 534 569 594 347 588 173 237 546 482 375 311 337 44 219 0 195 264 744 100 745 442 546 176 711 692 582 477 536 292 707 606
264 230 479 593 383 221 190 305 375 697 507 570 169 203 305 593 108 643 344 178 407 579 610 241 559 156 406 504 593 465 428 160 178 216 195 0 393 652 236 584 443 384 96 593 630 574 345 341 197 549 460
318 287 107 703 120 568 580 313 709 756 309 560 446 193 446 570 424 755 123 569 536 378 393 377 444 434 103 425 219 129 51 464 241 224 264 393 0 663 169 780 291 604 310 672 574 413 498 697 546 737 625
415 794 630 167 543 854 689 389 570 110 389 102 500 600 348 96 759 181 543 688 261 365 383 413 249 806 761 241 659 580 639 522 700 527 744 652 663 0 679 327 377 359 589 114 123 307 318 620 832 302 267
273 137 271 678 214 399 426 291 587 755 398 580 333 83 388 597 255 731 183 415 493 474 498 308 504 266 170 466 386 275 214 343 72 155 100 236 169 679 0 721 353 527 173 659 616 492 441 565 377 680 573
463 793 792 160 678 726 526 467 322 265 603 356 416 639 336 375 684 161 659 530 245 616 644 414 503 733 858 459 860 746 777 423 708 574 745 584 780 327 721 0 557 200 569 214 427 563 283 385 710 43 155
196 487 254 446 171 664 578 156 603 476 67 275 378 292 277 281 530 493 181 571 320 136 167 257 154 565 393 135 303 204 263 405 400 237 442 443 291 377 353 557 0 427 349 405 282 140 311 619 640 515 408
286 593 632 235 514 542 351 302 215 357 486 328 216 447 160 353 487 277 489 352 123 521 553 227 427 536 673 370 715 590 608 224 510 387 546 384 604 359 527 200 427 0 370 259 407 478 116 261 523 164 96
182 224 389 552 288 314 271 219 413 647 412 500 162 117 255 522 183 604 250 260 362 485 516 178 472 223 341 420 502 371 341 170 140 120 176 96 310 589 173 569 349 370 0 544 554 483 303 393 290 530 430
386 761 657 55 556 782 604 371 464 104 435 153 431 576 290 166 701 90 548 604 186 429 453 366 311 749 764 282 704 608 656 449 668 504 711 593 672 114 659 214 405 259 544 0 215 372 248 517 761 188 164
372 741 528 270 453 845 701 338 622 233 280 80 499 541 345 54 734 296 460 698 289 246 261 391 136 777 675 150 546 478 544 524 647 472 692 630 574 123 616 427 282 407 554 215 0 189 333 664 822 395 330
313 627 350 423 298 795 692 271 678 416 104 220 485 432 355 214 666 462 315 685 357 58 81 362 61 702 516 108 357 302 376 512 540 374 582 574 413 307 492 563 140 478 483 372 189 0 372 705 771 524 431
180 526 519 249 402 537 372 189 306 353 371 257 183 358 53 284 453 301 380 370 61 410 444 132 326 501 574 266 600 477 499 204 436 291 477 345 498 318 441 283 311 116 303 248 333 372 0 337 516 241 131
431 570 760 485 645 383 184 466 64 609 685 585 256 507 349 611 402 517 610 193 374 737 770 364 662 443 734 601 863 730 720 235 516 478 536 341 697 620 565 385 619 261 393 517 664 705 337 0 374 372 354
461 294 645 752 563 24 192 502 431 866 703 757 332 377 485 782 122 798 525 185 576 776 806 431 756 121 529 700 761 640 590 312 305 408 292 197 546 832 377 710 640 523 290 761 822 771 516 374 0 683 612
421 755 749 137 635 699 502 425 311 252 562 322 381 598 294 342 651 151 616 505 202 576 605 372 465 700 815 420 817 703 734 389 669 532 707 549 737 302 680 43 515 164 530 188 395 524 241 372 683 0 112
309 654 637 140 523 632 445 312 302 261 458 251 292 490 185 276 566 185 504 446 90 480 510 264 374 615 704 323 708 592 622 305 566 423 606 460 625 267 573 155 408 96 430 164 330 431 131 354 612 112 0

3 1.5 0.5
50
5
92 83 78 78 5 54 44 73 23 91 11 85 97 27 63 88 10 7 58 89 79 87 79 1 20 79 21 93 80 73 35 73 57 12 49 59 65 90 32 85 81 42 70 77 68 31 63 75 37 21
728 971 670 528 327 444 777 674 389 701 377 905 676 667 916 660 163 648 754 400 676 613 772 463 894 414 488 742 797 693 364 688 635 429 485 652 786 573 899 683 1047 962 647 560 546 873 890 869 760 894
67 13 44 51 5 36 19 29 13 33 5 70 24 23 19 40 9 3 24 22 16 22 33 1 11 78 11 20 11 38 8 36 7 12 18 3 49 36 17 2 68 39 68 33 45 3 8 26 34 2
5 1.5 4.9 4.7 2.1 4.8 2.4 1.6 2 3.8 2.4 4.2 2.5 3.8 2.5 1.6 4.7 1.9 3.2 5 4 3.7 3.8 1.1 2.8 2.8 3.2 4.8 1.8 2 3.2 1.9 2.6 3 1.5 3.9 2.7 3 4.5 3.9 1.7 2 3 3.2 1 4.5 4 4.9 1.5 2.1
412 411 375 347 465
20600 20550 18750 17350 23250
0 361 441 335 425 146 282 419 400 181 386 256 409 251 419 485 483 55 352 376 123 336 154 312 451 399 124 367 257 429 393 261 488 219 389 270 183 304 436 424 257 490 497 395 451 319 412 350 425 306 394
361 0 80 486 755 464 463 738 186 443 671 511 649 144 68 167 706 380 175 661 482 536 464 637 447 401 485 710 106 457 638 161 193 415 167 197 321 390 757 774 577 832 664 36 95 293 759 147 218 667 363
441 80 0 542 834 543 524 816 198 521 740 580 712 213 53 138 775 460 219 737 561 606 540 712 478 437 565 790 186 493 702 224 175 482 196 263 395 454 830 852 652 908 715 46 30 337 839 192 238 747 396
335 486 542 0 672 462 55 684 375 513 248 137 184 346 554 652 806 389 586 677 330 670 227 293 191 169 345 600 433 153 180 325 673 115 608 528 503 630 367 454 256 472 182 502 531 212 628 569 658 451 204
425 755 834 672 0 293 620 43 825 317 546 539 627 671 799 834 279 385 671 149 352 316 448 434 839 793 338 74 650 808 612 685 820 578 714 593 448 461 486 368 434 441 765 792 851 735 73 685 724 245 800
146 464 543 462 293 0 407 281 536 71 448 357 495 380 511 556 343 96 400 230 151 215 245 347 594 543 138 247 358 571 479 395 548 350 442 316 178 252 459 404 307 481 606 500 559 465 296 409 464 254 540
282 463 524 55 620 407 0 631 372 459 232 94 187 320 532 627 750 335 549 622 275 616 173 256 230 198 291 548 400 194 179 302 646 64 574 487 454 580 345 420 214 445 222 483 517 211 577 534 623 403 224
419 738 816 684 43 281 631 0 816 295 572 554 650 661 779 809 235 376 646 109 358 278 458 459 845 798 344 101 633 816 634 676 794 586 688 569 425 428 519 404 454 479 786 774 834 734 115 661 696 273 803
400 186 198 375 825 536 372 816 0 539 603 447 557 159 235 334 832 440 357 758 498 663 443 600 281 245 507 767 228 300 550 140 368 347 353 355 441 540 708 756 544 799 536 178 177 163 811 329 405 683 202
181 443 521 513 317 71 459 295 539 0 517 417 560 380 483 517 305 125 355 220 219 156 305 418 630 577 206 285 340 610 544 400 505 398 398 275 131 183 530 473 376 551 665 480 539 489 335 368 413 320 569
386 671 740 248 546 448 232 572 603 517 0 160 92 528 740 828 754 422 723 605 298 661 233 114 435 417 311 473 591 395 83 516 841 259 755 647 568 682 122 233 140 230 235 696 737 443 484 714 798 301 451
256 511 580 137 539 357 94 554 447 417 160 0 154 368 580 669 693 303 571 557 211 572 112 163 324 292 226 466 434 287 139 356 683 100 601 499 439 561 260 326 120 356 248 536 576 292 492 561 646 314 317
409 649 712 184 627 495 187 650 557 560 92 154 0 505 718 811 818 452 722 673 344 711 257 194 358 349 358 553 580 319 16 489 828 234 750 652 592 712 211 326 199 320 143 670 705 394 568 710 797 383 386
251 144 213 346 671 380 320 661 159 380 528 368 505 0 212 307 674 285 254 600 361 506 328 499 339 287 367 617 98 340 494 29 327 271 268 222 284 391 617 643 440 696 526 168 214 173 663 232 320 549 256
419 68 53 554 799 511 532 779 235 483 740 580 718 212 0 102 728 432 167 696 541 560 530 703 507 464 544 758 161 520 707 229 133 484 142 217 354 405 824 837 643 896 732 57 83 358 807 140 186 725 424
485 167 138 652 834 556 627 809 334 517 828 669 811 307 102 0 728 489 163 717 609 567 610 783 609 566 609 800 237 622 800 327 39 577 122 241 385 404 906 909 724 972 831 159 166 459 850 148 137 787 526
483 706 775 806 279 343 750 235 832 305 754 693 818 674 728 728 0 429 569 153 482 170 583 641 935 882 466 322 615 913 801 697 703 694 606 512 392 325 724 623 619 701 940 741 799 794 349 592 597 474 875
55 380 460 389 385 96 335 376 440 125 422 303 452 285 432 489 429 0 344 325 134 281 194 337 506 453 128 333 274 484 436 300 487 273 384 259 148 261 458 431 286 502 547 415 473 370 380 347 414 298 447
352 175 219 586 671 400 549 646 357 355 723 571 722 254 167 163 569 344 0 553 473 404 493 662 592 541 470 641 156 594 709 282 149 490 42 84 225 244 786 773 604 842 768 200 248 427 691 28 75 641 508
376 661 737 677 149 230 622 109 758 220 605 557 673 600 696 717 153 325 553 0 347 170 450 491 822 772 332 174 560 796 656 618 699 570 595 481 341 326 572 471 474 549 800 697 757 695 209 571 599 321 770
123 482 561 330 352 151 275 358 498 219 298 211 344 361 541 609 482 134 473 347 0 367 102 204 487 441 15 284 380 458 327 366 611 227 511 389 281 386 324 301 158 369 458 515 569 387 322 473 545 187 448
336 536 606 670 316 215 616 278 663 156 661 572 711 506 560 567 170 281 404 170 367 0 460 555 782 728 353 321 444 763 694 530 545 555 444 343 222 164 658 580 520 660 820 571 629 634 365 426 440 422 717
154 464 540 227 448 245 173 458 443 305 233 112 257 328 530 610 583 194 493 450 102 460 0 173 391 348 118 377 373 360 241 325 618 130 527 415 337 455 295 315 113 367 360 494 542 311 410 487 568 249 361
312 637 712 293 434 347 256 459 600 418 114 163 194 499 703 783 641 337 662 491 204 555 173 0 483 455 214 360 546 446 180 493 791 255 698 581 485 591 123 163 59 199 336 666 713 452 373 657 736 189 480
451 447 478 191 839 594 230 845 281 630 435 324 358 339 507 609 935 506 592 822 487 782 391 483 0 54 501 769 437 39 359 310 639 261 602 558 583 705 556 646 444 662 284 450 458 166 802 569 655 632 84
399 401 437 169 793 543 198 798 245 577 417 292 349 287 464 566 882 453 541 772 441 728 348 455 54 0 455 724 385 56 347 259 594 218 552 505 528 650 536 618 411 640 297 407 420 113 759 518 605 594 43
124 485 565 345 338 138 291 344 507 206 311 226 358 367 544 609 466 128 470 332 15 353 118 214 501 455 0 271 382 472 341 373 610 242 509 386 274 376 332 303 170 373 474 518 573 399 310 471 542 182 461
367 710 790 600 74 247 548 101 767 285 473 466 553 617 758 800 322 333 641 174 284 321 377 360 769 724 271 0 604 738 538 629 790 508 683 559 416 448 418 305 360 381 691 747 805 670 49 652 699 172 733
257 106 186 433 650 358 400 633 228 340 591 434 580 98 161 237 615 274 156 560 380 444 373 546 437 385 382 604 0 438 567 126 249 345 175 128 223 312 668 676 486 737 615 142 201 271 653 137 226 564 354
429 457 493 153 808 571 194 816 300 610 395 287 319 340 520 622 913 484 594 796 458 763 360 446 39 56 472 738 438 0 319 312 650 230 606 555 570 694 517 608 407 623 250 463 475 167 770 572 659 598 98
393 638 702 180 612 479 179 634 550 544 83 139 16 494 707 800 801 436 709 656 327 694 241 180 359 347 341 538 567 319 0 479 816 223 738 638 576 696 204 316 182 313 156 660 696 387 553 697 784 368 383
261 161 224 325 685 395 302 676 140 400 516 356 489 29 229 327 697 300 282 618 366 530 325 493 310 259 373 629 126 312 479 0 349 257 295 251 309 419 609 641 434 691 504 181 221 145 674 260 347 553 227
488 193 175 673 820 548 646 794 368 505 841 683 828 327 133 39 703 487 149 699 611 545 618 791 639 594 610 790 249 650 816 349 0 593 106 232 374 381 914 912 732 977 854 190 204 486 840 140 107 785 555
219 415 482 115 578 350 64 586 347 398 259 100 234 271 484 577 694 273 490 570 227 555 130 255 261 218 242 508 345 230 223 257 593 0 517 426 389 516 360 416 203 453 286 438 477 196 541 477 565 376 234
389 167 196 608 714 442 574 688 353 398 755 601 750 268 142 122 606 384 42 595 511 444 527 698 602 552 509 683 175 606 738 295 106 517 0 126 267 282 821 812 640 880 790 185 226 439 733 40 53 682 517
270 197 263 528 593 316 487 569 355 275 647 499 652 222 217 241 512 259 84 481 389 343 415 581 558 505 386 559 128 555 638 251 232 426 126 0 144 193 705 689 525 758 708 230 287 392 609 93 155 556 477
183 321 395 503 448 178 454 425 441 131 568 439 592 284 354 385 392 148 225 341 281 222 337 485 583 528 274 416 223 570 576 309 374 389 267 144 0 126 606 571 433 645 674 357 416 425 466 237 286 428 511
304 390 454 630 461 252 580 428 540 183 682 561 712 391 405 404 325 261 244 326 386 164 455 591 705 650 376 448 312 694 696 419 381 516 282 193 126 0 707 656 544 734 799 423 479 545 497 267 276 503 631
436 757 830 367 486 459 345 519 708 530 122 260 211 617 824 906 724 458 786 572 324 658 295 123 556 536 332 418 668 517 204 609 914 360 821 705 606 707 0 130 182 109 347 785 830 553 417 781 860 250 568
424 774 852 454 368 404 420 404 756 473 233 326 326 643 837 909 623 431 773 471 301 580 315 163 646 618 303 305 676 608 316 641 912 416 812 689 571 656 130 0 213 80 469 806 856 612 296 774 845 157 644
257 577 652 256 434 307 214 454 544 376 140 120 199 440 643 724 619 286 604 474 158 520 113 59 444 411 170 360 486 407 182 434 732 203 640 525 433 544 182 213 0 257 331 606 653 399 381 599 679 198 433
490 832 908 472 441 481 445 479 799 551 230 356 320 696 896 972 701 502 842 549 369 660 367 199 662 640 373 381 737 623 313 691 977 453 880 758 645 734 109 80 257 0 455 862 910 648 367 840 914 237 670
497 664 715 182 765 606 222 786 536 665 235 248 143 526 732 831 940 547 768 800 458 820 360 336 284 297 474 691 615 250 156 504 854 286 790 708 674 799 347 469 331 455 0 678 702 378 708 751 840 523 340
395 36 46 502 792 500 483 774 178 480 696 536 670 168 57 159 741 415 200 697 515 571 494 666 450 407 518 747 142 463 660 181 190 438 185 230 357 423 785 806 606 862 678 0 59 302 795 171 233 701 367
451 95 30 531 851 559 517 834 177 539 737 576 705 214 83 166 799 473 248 757 569 629 542 713 458 420 573 805 201 475 696 221 204 477 226 287 416 479 830 856 653 910 702 59 0 323 853 220 269 756 377
319 293 337 212 735 465 211 734 163 489 443 292 394 173 358 459 794 370 427 695 387 634 311 452 166 113 399 670 271 167 387 145 486 196 439 392 425 545 553 612 399 648 378 302 323 0 709 405 492 560 86
412 759 839 628 73 296 577 115 811 335 484 492 568 663 807 850 349 380 691 209 322 365 410 373 802 759 310 49 653 770 553 674 840 541 733 609 466 497 417 296 381 367 708 795 853 709 0 702 749 185 769
350 147 192 569 685 409 534 661 329 368 714 561 710 232 140 148 592 347 28 571 473 426 487 657 569 518 471 652 137 572 697 260 140 477 40 93 237 267 781 774 599 840 751 171 220 405 702 0 89 645 485
425 218 238 658 724 464 623 696 405 413 798 646 797 320 186 137 597 414 75 599 545 440 568 736 655 605 542 699 226 659 784 347 107 565 53 155 286 276 860 845 679 914 840 233 269 492 749 89 0 710 571
306 667 747 451 245 254 403 273 683 320 301 314 383 549 725 787 474 298 641 321 187 422 249 189 632 594 182 172 564 598 368 553 785 376 682 556 428 503 250 157 198 237 523 701 756 560 185 645 710 0 610
394 363 396 204 800 540 224 803 202 569 451 317 386 256 424 526 875 447 508 770 448 717 361 480 84 43 461 733 354 98 383 227 555 234 517 477 511 631 568 644 433 670 340 367 377 86 769 485 571 610 0

4 1.5 0.5
50
5
16 86 96 29 27 46 19 89 17 4 29 38 76 41 77 67 31 59 5 9 7 78 45 34 80 97 35 50 49 63 61 62 50 57 90 76 1 9 65 16 10 91 51 85 30 28 50 61 85 55
719 494 825 552 335 471 637 579 637 638 580 568 874 416 469 738 886 750 603 380 741 637 278 683 657 498 531 511 245 515 509 618 601 745 817 342 778 344 600 286 626 566 547 661 692 327 728 800 911 761
15 40 49 1 13 7 9 4 5 3 5 12 56 1 7 60 29 19 5 6 4 50 15 29 17 60 8 46 25 20 59 51 37 39 32 34 1 1 62 13 4 9 41 43 28 23 48 13 64 10
3.7 4.3 3.7 4.5 4.5 3.5 2 1.4 5 1.8 4.2 4.1 2.9 2.9 3.4 4.1 4.6 4.2 4.8 4.7 3 5 2.3 3.7 3.7 1.2 4.8 2.3 3.1 5 2.3 2 4.4 1.1 1.6 4.1 3.6 2.6 4.5 3.7 3.4 3.8 3 1.4 1.7 1.3 4.5 1.4 4.5 4.5
312 406 344 410 312
15600 20300 17200 20500 15600
0 485 211 441 439 211 272 356 433 272 447 353 455 461 208 213 361 465 331 465 209 464 247 129 421 453 267 211 197 173 97 362 215 394 375 439 41 479 212 479 230 382 340 222 460 439 139 471 425 484 398
485 0 694 478 546 673 758 627 208 751 228 510 377 870 294 440 700 302 791 671 470 233 509 358 85 752 442 686 565 630 393 822 645 260 617 120 495 742 661 675 659 868 790 689 269 445 602 310 234 267 881
211 694 0 596 511 83 66 363 640 123 652 487 637 316 407 377 309 627 217 544 313 643 322 340 632 405 426 116 223 101 307 239 214 595 461 650 214 523 183 492 149 184 171 142 660 603 108 666 628 684 213
441 478 596 0 810 635 630 782 274 566 259 116 116 894 454 228 801 689 544 220 608 642 656 374 396 890 175 510 634 605 379 567 412 218 212 358 410 306 445 891 668 695 759 494 226 35 570 192 247 242 681
439 546 511 810 0 434 569 176 656 631 679 756 772 459 358 612 275 274 719 893 229 338 197 441 549 262 659 596 288 410 447 745 643 659 805 599 480 916 630 138 373 678 472 618 714 794 413 746 667 729 717
211 673 83 635 434 0 135 281 644 207 658 533 662 259 379 408 227 572 301 607 252 595 252 335 618 323 461 194 152 42 306 322 283 605 521 642 230 593 255 409 66 246 128 220 672 638 73 683 636 695 283
272 758 66 630 569 135 0 413 694 93 705 517 680 318 472 419 349 694 184 556 378 710 384 401 693 440 466 122 284 163 368 199 227 647 477 709 270 524 193 539 198 117 173 144 711 640 174 714 682 736 149
356 627 363 782 176 281 413 0 686 487 707 706 769 287 369 561 99 409 580 821 179 459 130 410 606 125 614 464 164 267 402 603 531 673 731 648 396 828 511 130 215 515 298 488 735 773 282 760 690 754 557
433 208 640 274 656 644 694 686 0 663 24 326 169 880 316 301 738 466 680 480 509 406 556 310 135 810 282 598 578 604 338 709 530 64 439 87 425 558 554 767 651 791 771 593 65 240 570 105 27 73 793
272 751 123 566 631 207 93 487 663 0 671 450 628 411 480 371 432 725 94 471 423 732 438 392 680 526 412 65 342 222 357 116 153 610 397 689 255 434 120 615 273 131 266 72 672 580 218 670 647 696 131
447 228 652 259 679 658 705 707 24 671 0 319 150 897 338 305 757 490 685 469 529 430 577 326 158 830 282 606 596 619 353 713 535 62 432 109 437 549 560 789 667 800 786 601 42 225 585 82 23 49 800
353 510 487 116 756 533 517 706 326 450 319 0 206 793 413 145 713 673 427 163 540 636 586 315 424 806 97 396 550 506 310 450 296 262 113 398 317 233 330 822 572 579 654 379 296 137 473 273 300 317 564
455 377 637 116 772 662 680 769 169 628 150 206 0 916 414 260 801 617 621 335 590 563 639 360 301 885 216 567 634 628 375 646 478 125 316 256 432 420 509 866 686 759 791 555 113 81 593 77 143 126 751
461 870 316 894 459 259 318 287 880 411 897 793 916 0 582 666 189 691 500 860 400 735 367 571 831 215 719 429 307 289 547 509 530 848 776 864 486 837 498 358 231 361 146 455 915 896 324 930 876 938 410
208 294 407 454 358 379 472 369 316 480 338 413 414 582 0 279 425 275 538 565 193 261 240 113 249 493 317 420 275 336 140 569 407 307 485 284 232 608 413 455 365 587 495 429 367 436 309 395 321 385 606
213 440 377 228 612 408 419 561 301 371 305 145 260 666 279 0 573 550 379 286 394 521 440 173 356 665 54 309 408 377 165 408 230 243 205 347 181 330 256 677 439 502 535 300 301 229 342 298 282 326 498
361 700 309 801 275 227 349 99 738 432 757 713 801 189 425 573 0 503 527 813 233 550 191 442 671 97 627 420 167 228 427 546 502 716 724 709 396 809 477 198 163 439 210 446 781 796 253 802 738 802 484
465 302 627 689 274 572 694 409 466 725 490 673 617 691 275 550 503 0 795 832 321 70 334 389 335 522 581 671 426 534 414 825 676 492 755 389 496 880 677 412 531 811 658 685 530 663 519 569 485 538 840
331 791 217 544 719 301 184 580 680 94 685 427 621 500 538 379 527 795 0 417 504 796 524 439 714 621 409 126 431 313 405 31 149 622 353 716 306 366 130 709 367 171 357 110 679 563 306 672 661 704 142
465 671 544 220 893 607 556 821 480 471 469 163 335 860 565 286 813 832 417 0 668 797 711 459 586 909 251 435 659 590 447 430 331 417 89 557 424 89 364 944 658 586 715 411 440 254 560 411 453 459 559
209 470 313 608 229 252 378 179 509 423 529 540 590 400 193 394 233 321 504 668 0 349 49 233 438 300 445 378 106 216 230 532 416 493 579 477 250 688 405 283 211 495 341 398 556 597 206 581 512 576 527
464 233 643 642 338 595 710 459 406 732 430 636 563 735 261 521 550 70 796 797 349 0 370 372 273 578 547 675 455 555 401 827 669 437 725 325 492 851 673 475 560 827 690 686 471 614 536 511 427 477 852
247 509 322 656 197 252 384 130 556 438 577 586 639 367 240 440 191 334 524 711 49 370 0 282 481 253 491 399 99 221 277 551 446 542 622 522 289 727 432 236 200 498 324 420 605 645 219 629 560 624 533
129 358 340 374 441 335 401 410 310 392 326 315 360 571 113 173 442 389 439 459 233 372 282 0 291 524 218 328 276 294 34 470 301 278 376 309 136 497 310 516 341 509 461 333 344 363 261 361 305 366 522
421 85 632 396 549 618 693 606 135 680 158 424 301 831 249 356 671 335 714 586 438 273 481 291 0 732 357 615 524 576 325 745 567 179 531 53 426 656 584 670 611 800 740 616 200 365 545 241 159 204 810
453 752 405 890 262 323 440 125 810 526 830 806 885 215 493 665 97 522 621 909 300 578 253 524 732 0 718 517 256 326 513 639 600 793 820 774 490 907 575 144 260 523 287 543 857 884 351 880 812 876 569
267 442 426 175 659 461 466 614 282 412 282 97 216 719 317 54 627 581 409 251 445 547 491 218 357 718 0 351 462 430 214 436 264 220 179 340 235 306 293 728 493 543 586 339 271 177 395 262 260 296 536
211 686 116 510 596 194 122 464 598 65 606 396 567 429 420 309 420 671 126 435 378 675 399 328 615 517 351 0 309 196 294 155 105 546 354 623 192 408 71 594 257 193 282 26 608 523 183 607 583 632 196
197 565 223 634 288 152 284 164 578 342 596 550 634 307 275 408 167 426 431 659 106 455 99 276 524 256 462 309 0 122 259 457 369 552 569 557 235 664 350 292 105 398 235 332 618 629 125 637 576 639 434
173 630 101 605 410 42 163 267 604 222 619 506 628 289 336 377 228 534 313 590 216 555 221 294 576 326 430 196 122 0 266 337 274 567 502 601 196 582 249 397 67 279 167 221 633 606 35 645 597 657 312
97 393 307 379 447 306 368 402 338 357 353 310 375 547 140 165 427 414 405 447 230 401 277 34 325 513 214 294 259 266 0 436 269 301 361 342 102 479 277 513 316 475 433 299 368 371 232 383 331 391 487
362 822 239 567 745 322 199 603 709 116 713 450 646 509 569 408 546 825 31 430 532 827 551 470 745 639 436 155 457 337 436 0 179 651 371 746 337 374 160 731 389 167 369 140 707 587 332 699 690 732 130
