1 1 0.5
8
2
80 38 75 53 64 71 86 71
379 256 221 337 297 303 384 214
25 30 71 21 7 47 6 12
217 214
434 428
3.4 8.7 5.1 0.2 8.6 8 6.5 2
0 157 167 137 186 196 174 186 12
157 0 25 275 169 236 290 334 159
167 25 0 278 152 261 310 349 169
137 275 278 0 213 312 238 184 127
186 169 152 213 0 362 361 358 178
196 236 261 312 362 0 124 220 208
174 290 310 238 361 124 0 98 183
186 334 349 184 358 220 98 0 189
12 159 169 127 178 208 183 189 0
