1 1 0.5
6
3
25 42 26 72 1 39
151 200 334 411 296 259
16 12 26 13 1 30
2.2 4.4 3.4 3.9 1.3 4
48 56 50
288 336 300
0 105 130 278 277 230 210
105 0 235 263 308 310 201
130 235 0 341 287 170 286
278 263 341 0 127 260 461
277 308 287 127 0 156 485
230 310 170 260 156 0 433
210 201 286 461 485 433 0

2 1 0.5
6
3
78 5 70 11 66 64
162 295 311 280 281 429
17 3 23 6 64 50
4.5 3.5 1.8 1.4 2 3.5
101 93 112
606 558 672
0 41 240 197 185 140 297
41 0 280 164 150 153 299
240 280 0 433 387 212 440
197 164 433 0 207 312 242
185 150 387 207 0 188 421
140 153 212 312 188 0 436
297 299 440 242 421 436 0

3 1 0.5
6
3
40 1 2 41 74 15
243 129 260 184 320 261
12 1 2 17 65 1
1.6 1.8 4.3 4.3 1.6 3.4
90 94 81
540 564 486
0 188 126 194 111 214 200
188 0 299 355 119 99 224
126 299 0 71 191 293 203
194 355 71 0 239 333 214
111 119 191 239 0 106 123
214 99 293 333 106 0 152
200 224 203 214 123 152 0

4 1 0.5
6
3
31 68 51 51 30 19
337 296 381 381 342 215
22 11 36 10 16 4
4.4 3.7 2.8 4 4.6 3
65 60 58
390 360 348
0 274 181 276 279 286 159
274 0 456 500 517 179 257
181 456 0 204 181 447 281
276 500 204 0 38 559 249
279 517 181 38 0 565 273
286 179 447 559 565 0 360
159 257 281 249 273 360 0

5 1 0.5
6
3
23 14 59 69 94 4
331 67 381 253 338 195
14 5 6 3 64 1
4.3 4.8 3.2 2.6 4.4 3.4
89 80 89
534 480 534
0 283 41 299 164 193 177
283 0 273 554 238 267 159
41 273 0 289 193 152 190
299 554 289 0 456 323 476
164 238 193 456 0 313 78
193 267 152 323 313 0 275
177 159 190 476 78 275 0

1 1 1
6
3
92 67 92 76 30 47
434 429 397 439 335 318
17 15 86 62 24 14
2.1 2.5 4.1 4.6 2.6 2.9
157 127 122
942 762 732
0 282 275 275 200 219 231
282 0 245 265 464 367 485
275 245 0 23 357 180 503
275 265 23 0 344 162 500
200 464 357 344 0 195 250
219 367 180 162 195 0 401
231 485 503 500 250 401 0

2 1 1
6
3
69 94 4 88 58 3
308 367 201 365 229 295
24 91 2 50 53 3
2.2 2.4 2.3 2.7 4.7 4.9
138 143 139
828 858 834
0 190 213 180 202 102 270
190 0 74 329 156 292 320
213 74 0 313 229 307 268
180 329 313 0 381 129 172
202 156 229 381 0 291 434
102 292 307 129 291 0 278
270 320 268 172 434 278 0

3 1 1
6
3
6 64 30 45 11 74
167 176 347 380 167 396
2 8 3 17 9 1
3.6 3.5 4.2 1.7 3.1 1.4
27 29 27
162 174 162
0 106 61 269 263 112 267
106 0 128 286 318 210 332
61 128 0 208 205 89 212
269 286 208 0 103 232 140
263 318 205 103 0 186 36
112 210 89 232 186 0 177
267 332 212 140 36 177 0

4 1 1
6
3
81 67 99 91 26 57
475 485 359 318 336 291
56 36 36 49 25 28
4.6 4.1 3.5 4.3 2.1 3.1
97 105 125
582 630 750
0 291 287 153 153 283 177
291 0 65 438 333 552 354
287 65 0 424 358 562 381
153 438 424 0 246 221 261
153 333 358 246 0 236 26
283 552 562 221 236 0 226
177 354 381 261 26 226 0

5 1 1
6
3
40 48 44 59 12 85
413 239 411 183 252 366
13 23 19 57 9 77
1.9 2 2.9 4.4 2.6 3.7
113 126 117
678 756 702
0 281 183 290 93 172 208
281 0 246 373 232 441 175
183 246 0 138 232 343 296
290 373 138 0 359 417 433
93 232 232 359 0 212 118
172 441 343 417 212 0 319
208 175 296 433 118 319 0

1 1 1.5
6
3
9 37 38 61 53 26
232 297 307 385 279 250
9 10 27 56 53 19
3.9 4.8 1.9 4.9 4.8 2.7
94 108 98
564 648 588
0 141 165 240 278 203 152
141 0 62 195 223 327 261
165 62 0 257 283 322 250
240 195 257 0 39 438 392
278 223 283 39 0 477 431
203 327 322 438 477 0 74
152 261 250 392 431 74 0

2 1 1.5
6
3
47 84 8 25 64 20
328 417 292 352 362 344
29 1 8 19 12 19
4.2 2 2.9 2.5 4.7 4.7
51 51 54
306 306 324
0 221 285 204 237 218 223
221 0 76 364 67 248 57
285 76 0 439 126 255 67
204 364 439 0 341 422 391
237 67 126 341 0 308 125
218 248 255 422 308 0 199
223 57 67 391 125 199 0

3 1 1.5
6
3
17 35 22 96 54 31
329 196 134 440 264 256
11 14 19 39 43 19
1.9 2.3 3.6 4.7 4.5 1.3
78 79 76
468 474 456
0 287 78 46 287 88 147
287 0 241 324 40 341 151
78 241 0 93 251 100 89
46 324 93 0 328 48 178
287 40 251 328 0 350 165
88 341 100 48 350 0 190
147 151 89 178 165 190 0

4 1 1.5
6
3
24 42 80 91 66 62
369 288 332 386 446 330
4 12 6 55 65 57
1.9 1.4 1.9 3.7 3.8 1
117 119 103
702 714 618
0 297 213 154 233 283 104
297 0 375 280 205 577 388
213 375 0 97 415 303 282
154 280 97 0 324 342 247
233 205 415 324 0 499 275
283 577 303 342 499 0 226
104 388 282 247 275 226 0

5 1 1.5
6
3
97 90 53 82 48 53
307 456 293 404 334 399
88 26 4 76 28 20
2.4 1.8 3.5 2.5 1.5 2.5
155 165 138
930 990 828
0 117 263 179 204 197 260
117 0 157 71 292 89 153
263 157 0 148 449 147 4
179 71 148 0 323 18 143
204 292 449 323 0 336 445
197 89 147 18 336 0 142
260 153 4 143 445 142 0

1 1 2
6
3
96 82 70 94 23 52
404 424 262 257 157 534
20 5 36 1 6 19
4.7 4.4 3.8 2.5 2 3.5
56 62 51
336 372 306
0 264 182 184 154 48 251
264 0 362 290 143 310 60
182 362 0 366 309 190 377
184 290 366 0 150 184 240
154 143 309 150 0 191 106
48 310 190 184 191 0 293
251 60 377 240 106 293 0

2 1 2
6
3
69 34 66 90 20 57
405 320 423 444 476 349
63 28 50 41 18 8
2 1.9 1.1 4 3.6 1.7
131 101 101
786 606 606
0 238 172 223 258 297 190
238 0 229 325 73 258 167
172 229 0 96 290 130 296
223 325 96 0 385 164 380
258 73 290 385 0 331 126
297 258 130 164 331 0 381
190 167 296 380 126 381 0

3 1 2
6
3
49 44 63 61 9 39
348 303 370 310 196 187
14 17 46 59 1 6
3 2.8 2 2.7 2 3.3
90 100 98
540 600 588
0 220 190 259 229 99 69
220 0 241 234 360 305 187
190 241 0 408 130 183 126
259 234 408 0 485 354 292
229 360 130 485 0 161 195
99 305 183 354 161 0 120
69 187 126 292 195 120 0

4 1 2
6
3
20 23 90 22 60 43
342 256 387 431 291 255
2 8 78 10 28 25
1.6 4.4 1.8 2.3 2.1 4.9
123 125 126
738 750 756
0 299 128 189 285 174 154
299 0 300 464 373 249 251
128 300 0 298 157 73 261
189 464 298 0 445 359 235
285 373 157 445 0 142 411
174 249 73 359 142 0 275
154 251 261 235 411 275 0

5 1 2
6
3
14 53 58 62 39 61
296 313 261 358 376 214
5 17 12 28 2 43
2.9 3.9 2.4 4.3 4.4 2
62 66 60
372 396 360
0 201 165 120 243 191 129
201 0 171 276 172 88 74
165 171 0 285 315 231 152
120 276 285 0 234 225 204
243 172 315 234 0 87 163
191 88 231 225 87 0 82
129 74 152 204 163 82 0

1 1 2.5
6
3
3 3 87 5 66 41
283 221 287 355 363 407
1 3 61 2 53 26
4.2 2.5 4.7 2.1 3.2 1.8
96 95 95
576 570 570
0 277 160 162 298 241 289
277 0 305 251 470 134 402
160 305 0 57 168 338 131
162 251 57 0 218 296 161
298 470 168 218 0 505 97
241 134 338 296 505 0 458
289 402 131 161 97 458 0

2 1 2.5
6
3
40 44 53 58 18 53
216 412 298 411 470 207
13 5 6 20 10 38
3.9 3.8 3.6 1.4 4.4 3
57 62 67
342 372 402
0 125 237 146 275 283 131
125 0 362 216 254 383 253
237 362 0 255 416 183 113
146 216 255 0 421 378 203
275 254 416 421 0 314 314
283 383 183 378 314 0 175
131 253 113 203 314 175 0

3 1 2.5
6
3
46 75 58 20 88 18
334 490 430 428 302 291
23 60 23 15 4 8
1.6 3.2 4.8 3.7 2.8 4.1
87 91 100
522 546 600
0 248 287 275 220 182 225
248 0 365 524 463 399 198
287 365 0 404 318 219 171
275 524 404 0 86 186 451
220 463 318 86 0 99 371
182 399 219 186 99 0 280
225 198 171 451 371 280 0

4 1 2.5
6
3
91 20 50 43 4 47
445 325 270 346 315 396
6 10 44 24 1 15
2.1 3 3 2.9 1.5 4.3
61 72 73
366 432 438
0 260 274 135 233 211 253
260 0 242 392 174 357 43
274 242 0 350 70 472 200
135 392 350 0 331 260 381
233 174 70 331 0 417 132
211 357 472 260 417 0 376
253 43 200 381 132 376 0

5 1 2.5
6
3
55 96 8 94 57 7
380 479 495 340 252 322
33 94 2 55 56 3
4.5 2.3 3.1 3.9 2.6 3.9
146 154 157
876 924 942
0 170 288 293 173 150 265
170 0 443 244 193 284 435
288 443 0 568 310 319 123
293 244 568 0 417 274 506
173 193 310 417 0 323 353
150 284 319 274 323 0 236
265 435 123 506 353 236 0

1 1.5 0.5
6
3
56 10 71 73 32 33
319 309 269 272 271 346
3 9 3 56 24 4
2.5 1.2 3.8 4.9 2.6 4.6
97 95 101
582 570 606
0 213 296 191 170 213 285
213 0 505 403 383 239 466
296 505 0 110 132 387 138
191 403 110 0 21 323 172
170 383 132 21 0 312 184
213 239 387 323 312 0 292
285 466 138 172 184 292 0

2 1.5 0.5
6
3
28 36 33 93 56 55
316 364 247 347 344 403
26 17 8 30 4 23
2.9 1.5 1.6 4.9 3.1 4.4
77 51 61
462 306 366
0 211 281 172 215 253 297
211 0 365 159 57 253 494
281 365 0 431 321 137 481
172 159 431 0 207 358 379
215 57 321 207 0 201 510
253 253 137 358 201 0 520
297 494 481 379 510 520 0

3 1.5 0.5
6
3
74 40 81 49 8 62
326 210 310 276 268 188
23 3 76 1 3 1
1.3 3.9 2.1 4.9 4.2 2.5
97 118 98
582 708 588
0 234 133 166 162 214 83
234 0 299 251 332 391 156
133 299 0 83 280 92 191
166 251 83 0 328 154 188
162 332 280 328 0 338 190
214 391 92 154 338 0 281
83 156 191 188 190 281 0

4 1.5 0.5
6
3
15 64 87 76 90 91
382 283 388 289 352 329
4 54 36 32 7 21
4.3 2.3 2.6 3.7 2.5 1.9
94 113 83
564 678 498
0 267 129 204 161 239 209
267 0 268 298 421 437 474
129 268 0 326 259 169 252
204 298 326 0 240 439 345
161 421 259 240 0 270 112
239 437 169 439 270 0 191
209 474 252 345 112 191 0

5 1.5 0.5
6
3
55 41 30 53 55 63
403 223 235 335 356 309
44 3 12 50 37 40
1.7 1.4 4.4 2.9 2.9 2.1
97 124 91
582 744 546
0 291 178 149 243 273 228
291 0 193 437 68 475 197
178 193 0 319 190 283 270
149 437 319 0 384 289 333
243 68 190 384 0 459 130
273 475 283 289 459 0 491
228 197 270 333 130 491 0

1 1.5 1
6
3
4 43 43 62 5 17
152 280 209 243 246 127
1 28 38 29 4 7
2 4.6 1.3 3.7 3.5 4.2
82 66 81
492 396 486
0 127 227 105 144 185 86
127 0 189 138 187 289 133
227 189 0 305 354 411 148
105 138 305 0 50 165 183
144 187 354 50 0 138 227
185 289 411 165 138 0 263
86 133 148 183 227 263 0

2 1.5 1
6
3
33 93 66 15 57 20
318 299 359 265 307 347
13 64 46 8 33 5
4.2 1.2 1.2 2.5 2.8 3.3
110 116 127
660 696 762
0 261 149 230 210 188 298
261 0 149 456 346 92 559
149 149 0 377 317 57 438
230 456 377 0 160 405 188
210 346 317 160 0 324 338
188 92 57 405 324 0 485
298 559 438 188 338 485 0

3 1.5 1
6
3
56 59 64 34 64 85
325 395 343 329 291 235
47 9 60 9 30 39
5 3.6 2.3 2.8 4 3
105 141 104
630 846 624
0 220 250 254 220 160 45
220 0 129 474 238 364 248
250 129 0 488 143 411 292
254 474 488 0 403 146 231
220 238 143 403 0 366 265
160 364 411 146 366 0 119
45 248 292 231 265 119 0

4 1.5 1
6
3
90 23 43 33 27 91
258 397 334 321 201 435
41 22 42 7 3 31
2.2 1.2 3.7 1.9 4.8 5
80 113 66
480 678 396
0 152 243 252 127 122 219
152 0 113 218 168 274 147
243 113 0 317 281 356 90
252 218 317 0 132 343 365
127 168 281 132 0 211 297
122 274 356 343 211 0 312
219 147 90 365 297 312 0

5 1.5 1
6
3
75 53 66 41 61 58
316 340 307 417 225 246
71 11 10 24 61 50
1.8 4.8 3.7 1.7 5 4.5
164 163 118
984 978 708
0 193 237 186 282 107 97
193 0 424 90 97 233 164
237 424 0 388 518 281 320
186 90 388 0 175 262 203
282 97 518 175 0 298 230
107 233 281 262 298 0 69
97 164 320 203 230 69 0

1 1.5 1.5
6
3
43 63 69 34 1 28
307 419 427 170 263 360
21 54 5 30 1 22
2.1 4.1 5 1.8 2.1 2.9
105 114 95
630 684 570
0 166 287 295 120 189 252
166 0 412 227 287 96 411
287 412 0 368 218 469 325
295 227 368 0 374 324 531
120 287 218 374 0 303 158
189 96 469 324 303 0 396
252 411 325 531 158 396 0

2 1.5 1.5
6
3
59 86 16 45 56 24
308 396 267 190 249 413
7 16 10 9 11 16
4.5 1.7 3.3 3.4 2.1 3.2
33 30 28
198 180 168
0 218 248 225 111 175 205
218 0 315 222 149 384 268
248 315 0 451 188 249 49
225 222 451 0 266 382 403
111 149 188 266 0 244 138
175 384 249 382 244 0 235
205 268 49 403 138 235 0

3 1.5 1.5
6
3
59 87 52 43 34 62
204 323 400 259 342 387
34 26 7 20 21 28
3 1.6 4.4 1.1 4.4 2.4
80 91 98
480 546 588
0 59 144 243 58 227 210
59 0 180 291 33 170 246
144 180 0 308 197 296 66
243 291 308 0 266 459 346
58 33 197 266 0 192 264
227 170 296 459 192 0 350
210 246 66 346 264 350 0

4 1.5 1.5
6
3
96 99 7 93 22 31
563 417 303 304 232 287
67 86 3 16 8 26
2 1.7 1.4 2.6 3.9 4.7
167 122 181
1002 732 1086
0 289 241 184 176 65 141
289 0 203 465 123 329 380
241 203 0 356 205 237 248
184 465 356 0 359 136 111
176 123 205 359 0 227 291
65 329 237 136 227 0 77
141 380 248 111 291 77 0

5 1.5 1.5
6
3
98 75 34 16 4 48
318 231 283 346 188 164
43 14 24 9 2 41
1.3 2.8 1.1 4.9 4.6 3.2
82 81 106
492 486 636
0 147 131 200 176 142 83
147 0 145 70 315 289 147
131 145 0 216 223 232 200
200 70 216 0 375 340 172
176 315 223 375 0 75 240
142 289 232 340 75 0 184
83 147 200 172 240 184 0

1 1.5 2
6
3
95 27 11 83 29 81
342 204 228 446 318 325
19 7 6 58 11 2
1.3 2.8 1.4 1.7 1.6 3.3
104 92 104
624 552 624
0 177 150 110 169 210 222
177 0 75 97 308 51 56
150 75 0 124 309 126 131
110 97 124 0 212 111 124
169 308 309 212 0 320 333
210 51 126 111 320 0 13
222 56 131 124 333 13 0

2 1.5 2
6
3
58 79 78 43 77 89
332 323 503 178 434 300
48 18 31 20 33 22
4.2 4.7 4.4 4.6 4.7 4.3
77 98 118
462 588 708
0 250 172 284 129 239 179
250 0 147 443 161 51 298
172 147 0 297 176 175 151
284 443 297 0 399 462 145
129 161 176 399 0 129 269
239 51 175 462 129 0 318
179 298 151 145 269 318 0

3 1.5 2
6
3
64 93 2 14 91 91
378 444 341 356 302 404
41 1 1 7 56 78
1.8 1.5 2.6 1 1 3
156 113 110
936 678 660
0 239 237 195 214 96 278
239 0 79 276 38 289 517
237 79 0 326 52 309 504
195 276 326 0 278 125 382
214 38 52 278 0 274 490
96 289 309 125 274 0 266
278 517 504 382 490 266 0

4 1.5 2
6
3
16 32 47 9 72 39
338 358 341 349 405 360
10 17 40 1 49 34
1.7 3.7 4.8 2 3.1 3.5
91 122 123
546 732 738
0 195 193 231 272 193 267
195 0 143 177 431 366 437
193 143 0 305 466 386 460
231 177 305 0 342 309 363
272 431 466 342 0 85 37
193 366 386 309 85 0 74
267 437 460 363 37 74 0

5 1.5 2
6
3
11 39 11 50 15 54
197 226 315 257 285 395
11 22 2 11 10 9
2.7 3.4 4.2 2.2 3.5 4.6
47 42 43
282 252 258
0 109 179 247 203 236 273
109 0 133 138 168 240 247
179 133 0 197 35 372 380
247 138 197 0 228 293 263
203 168 35 228 0 406 415
236 240 372 293 406 0 73
273 247 380 263 415 73 0

1 1.5 2.5
6
3
21 62 8 57 30 43
382 261 291 327 329 235
4 1 2 52 30 27
4.8 3.6 3.3 3.2 1.2 3
89 73 97
534 438 582
0 147 127 164 231 232 95
147 0 170 283 341 378 197
127 170 0 137 180 309 221
164 283 137 0 68 209 229
231 341 180 68 0 248 297
232 378 309 209 248 0 204
95 197 221 229 297 204 0

2 1.5 2.5
6
3
83 76 72 55 92 3
412 463 558 398 491 500
83 75 41 37 37 1
1.4 3.4 2.2 2.2 2.1 3.2
200 170 218
1200 1020 1308
0 231 243 277 259 295 233
231 0 88 315 30 443 396
243 88 0 241 104 392 446
277 315 241 0 339 189 508
259 30 104 339 0 472 415
295 443 392 189 472 0 477
233 396 446 508 415 477 0

3 1.5 2.5
6
3
38 47 15 11 12 12
299 386 487 266 226 259
1 18 8 3 2 10
2.5 3.2 4.8 3.3 1.7 3.8
26 37 26
156 222 156
0 182 281 262 108 195 197
182 0 376 435 275 218 17
281 376 0 406 338 169 393
262 435 406 0 159 420 447
108 275 338 159 0 293 287
195 218 169 420 293 0 234
197 17 393 447 287 234 0

4 1.5 2.5
6
3
99 89 18 98 50 83
455 372 494 456 385 284
12 72 18 3 43 53
2.9 3.4 4 5 1.4 4
118 136 161
708 816 966
0 284 226 279 218 234 183
284 0 312 356 188 164 460
226 312 0 492 126 377 365
279 356 492 0 432 192 310
218 188 126 432 0 282 394
234 164 377 192 282 0 370
183 460 365 310 394 370 0

5 1.5 2.5
6
3
18 12 37 62 11 39
267 230 307 575 516 330
6 7 28 4 10 37
3.2 4.1 1.3 2.9 3.6 3
61 61 52
366 366 312
0 183 164 241 299 292 84
183 0 50 342 482 164 229
164 50 0 294 460 140 226
241 342 294 0 332 331 311
299 482 460 332 0 573 274
292 164 140 331 573 0 364
84 229 226 311 274 364 0

1 2 0.5
6
3
60 52 47 43 58 22
272 296 257 265 353 162
5 36 33 31 48 22
3.9 3.9 4.1 3.6 2.4 5
83 138 80
498 828 480
0 177 164 184 213 233 95
177 0 291 193 380 59 254
164 291 0 348 270 328 215
184 193 348 0 277 245 175
213 380 270 277 0 438 126
233 59 328 245 438 0 313
95 254 215 175 126 313 0

2 2 0.5
6
3
57 22 77 89 46 89
363 333 432 441 248 458
49 13 52 65 33 79
3.6 4.7 3.5 5 3.4 3.3
148 240 142
888 1440 852
0 228 273 259 277 198 292
228 0 479 456 109 408 159
273 479 0 332 547 276 468
259 456 332 0 455 68 550
277 109 547 455 0 420 264
198 408 276 68 420 0 490
292 159 468 550 264 490 0

3 2 0.5
6
3
69 41 3 7 18 26
215 331 243 337 224 342
51 29 2 4 9 24
3.9 4.6 2.9 4.2 3 3.3
126 96 118
756 576 708
0 136 276 182 271 167 270
136 0 399 317 142 141 162
276 399 0 127 541 435 477
182 317 127 0 453 322 431
271 142 541 453 0 181 189
167 141 435 322 181 0 297
270 162 477 431 189 297 0

4 2 0.5
6
3
56 6 80 7 4 40
339 260 294 294 60 308
56 5 23 4 1 5
2.3 4 3.8 2.5 1.9 1.5
104 99 103
624 594 618
0 250 250 165 264 20 226
250 0 334 413 399 269 65
250 334 0 340 81 246 361
165 413 340 0 312 148 381
264 399 81 312 0 254 417
20 269 246 148 254 0 246
226 65 361 381 417 246 0

5 2 0.5
6
3
9 59 60 55 2 46
315 299 160 324 341 347
6 27 14 38 2 2
3.4 3.2 1.1 4.9 1.7 2.6
89 75 76
534 450 456
0 232 182 30 249 289 289
232 0 413 248 144 443 379
182 413 0 165 402 238 308
30 248 165 0 248 259 261
249 144 402 248 0 352 265
289 443 238 259 352 0 115
289 379 308 261 265 115 0

1 2 1
6
3
44 42 77 5 30 78
249 253 400 318 386 376
27 20 23 4 13 29
3.2 4.1 1.7 1.8 1.6 2
71 65 70
426 390 420
0 166 152 271 234 285 231
166 0 28 431 198 397 245
152 28 0 411 219 370 261
271 431 411 0 482 182 450
234 198 219 482 0 518 72
285 397 370 182 518 0 512
231 245 261 450 72 512 0

2 2 1
6
3
52 33 27 82 79 35
382 362 333 284 315 199
6 17 7 54 30 5
3.6 2.1 4.4 3 4.7 2.6
120 79 74
720 474 444
0 225 233 271 147 193 110
225 0 228 351 371 290 114
233 228 0 486 343 409 200
271 351 486 0 293 78 293
147 371 343 293 0 232 257
193 290 409 78 232 0 219
110 114 200 293 257 219 0

3 2 1
6
3
7 75 63 1 39 3
246 228 313 285 114 257
6 72 57 1 29 1
2.4 4.5 3.7 1.7 3.2 4.2
180 103 101
1080 618 606
0 219 97 226 216 21 223
219 0 241 52 169 227 346
97 241 0 267 295 117 129
226 52 267 0 123 229 381
216 169 295 123 0 208 423
21 227 117 229 208 0 241
223 346 129 381 423 241 0

4 2 1
6
3
39 7 35 18 26 11
297 281 333 191 318 324
33 7 33 3 12 7
2.1 3.7 4.8 1.4 2.2 1
87 69 69
522 414 414
0 254 272 265 148 243 295
254 0 309 274 396 93 312
272 309 0 497 302 220 534
265 274 497 0 389 344 38
148 396 302 389 0 366 412
243 93 220 344 366 0 383
295 312 534 38 412 383 0

5 2 1
6
3
51 94 60 95 84 13
359 370 308 510 172 222
11 33 53 44 82 7
4.3 4.4 5 1.3 4.2 1.6
172 132 213
1032 792 1278
0 245 133 160 298 77 181
245 0 314 161 93 301 317
133 314 0 166 331 68 308
160 161 166 0 165 178 316
298 93 331 165 0 338 401
77 301 68 178 338 0 241
181 317 308 316 401 241 0

1 2 1.5
6
3
26 69 1 5 71 33
289 389 180 197 448 228
4 10 1 4 2 3
2.2 3.2 3.9 3.8 1.1 2.5
15 25 22
90 150 132
0 223 228 88 118 282 143
223 0 32 176 163 220 366
228 32 0 193 152 252 372
88 176 193 0 152 193 206
118 163 152 152 0 316 248
282 220 252 193 316 0 378
143 366 372 206 248 378 0

2 2 1.5
6
3
74 46 95 51 38 27
445 313 354 342 223 376
19 28 46 5 37 24
2.6 2.8 3.6 3.8 2.5 2.8
141 150 110
846 900 660
0 245 198 197 287 163 289
245 0 422 429 311 270 312
198 422 0 212 464 336 297
197 429 212 0 319 212 454
287 311 464 319 0 127 545
163 270 336 212 127 0 439
289 312 297 454 545 439 0

3 2 1.5
6
3
33 48 11 11 70 52
404 275 347 348 288 251
13 21 2 8 16 4
4.1 2.1 4.3 4.4 3.1 3.1
53 39 48
318 234 288
0 225 179 242 274 146 138
225 0 293 431 164 370 334
179 293 0 161 227 252 294
242 431 161 0 388 210 288
274 164 227 388 0 414 411
146 370 252 210 414 0 85
138 334 294 288 411 85 0

4 2 1.5
6
3
94 33 98 24 76 21
369 339 495 178 521 414
32 27 57 11 45 3
4.9 1.2 1.3 1.8 2 3.8
155 122 163
930 732 978
0 192 178 246 70 291 230
192 0 31 430 222 467 374
178 31 0 409 199 443 374
246 430 409 0 210 61 303
70 222 199 210 0 244 281
291 467 443 61 244 0 364
230 374 374 303 281 364 0

5 2 1.5
6
3
82 20 96 19 72 41
450 269 500 325 303 365
57 8 36 3 22 25
3.1 3.1 1.1 2 4.7 4.4
129 140 99
774 840 594
0 281 105 217 260 190 250
281 0 297 497 523 289 145
105 297 0 255 327 92 315
217 497 255 0 102 342 441
260 523 327 102 0 419 440
190 289 92 342 419 0 349
250 145 315 441 440 349 0

1 2 2
6
3
91 17 53 71 76 33
407 243 391 341 220 386
25 7 7 6 19 18
1.9 1.9 4.3 2.2 1.3 4.8
78 74 43
468 444 258
0 107 149 208 226 54 285
107 0 44 223 300 152 305
149 44 0 256 324 189 307
208 223 256 0 422 252 493
226 300 324 422 0 174 159
54 152 189 252 174 0 251
285 305 307 493 159 251 0

2 2 2
6
3
73 61 25 55 9 70
146 259 460 348 362 347
68 7 24 32 5 43
3.8 4.2 1.1 2.5 1.1 3.8
122 122 132
732 732 792
0 17 162 255 247 261 193
17 0 167 270 263 246 210
162 167 0 194 329 265 220
255 270 194 0 234 454 118
247 263 329 234 0 508 123
261 246 265 454 508 0 439
193 210 220 118 123 439 0

3 2 2
6
3
91 16 92 78 12 3
403 128 264 394 331 300
38 10 69 59 5 2
4.6 3 3.1 4.6 1.4 1.6
126 184 172
756 1104 1032
0 283 93 152 250 176 231
283 0 366 396 520 107 515
93 366 0 72 215 259 164
152 396 72 0 265 294 192
250 520 215 265 0 416 96
176 107 259 294 416 0 407
231 515 164 192 96 407 0

4 2 2
6
3
45 99 51 43 36 94
233 424 284 474 322 415
33 59 9 43 2 69
4.1 4.4 3.8 2 3.2 1.5
174 186 131
1044 1116 786
0 171 201 192 294 279 277
171 0 145 276 155 406 147
201 145 0 374 292 321 288
192 276 374 0 307 434 284
294 155 292 307 0 556 22
279 406 321 434 556 0 543
277 147 288 284 22 543 0

5 2 2
6
3
36 12 43 77 19 82
471 413 363 397 222 329
26 1 21 70 9 31
4.1 2.9 1.1 1.9 1.8 3.3
115 97 147
690 582 882
0 293 283 263 236 191 229
293 0 384 241 527 294 237
283 384 0 154 357 464 147
263 241 154 0 430 400 34
236 527 357 430 0 368 398
191 294 464 400 368 0 372
229 237 147 34 398 372 0

1 2 2.5
6
3
13 51 14 14 6 30
475 346 341 273 325 184
9 32 2 14 3 12
1.4 4.3 5 4.7 3.4 2.5
71 53 53
426 318 318
0 255 224 266 221 195 112
255 0 441 156 406 308 144
224 441 0 373 364 174 307
266 156 373 0 472 207 178
221 406 364 472 0 408 295
195 308 174 207 408 0 208
112 144 307 178 295 208 0

2 2 2.5
6
3
13 34 60 18 49 31
139 198 374 120 406 236
9 30 26 11 45 23
2.3 1.2 3.8 3.1 1.5 3
117 135 86
702 810 516
0 109 111 236 62 279 137
109 0 203 250 83 352 86
111 203 0 331 121 171 183
236 250 331 0 282 501 332
62 83 121 282 0 269 77
279 352 171 501 269 0 299
137 86 183 332 77 299 0

3 2 2.5
6
3
19 25 97 7 97 80
297 247 169 252 276 508
12 10 6 1 59 55
5 1.3 4.3 3 3.9 2.7
83 87 89
498 522 534
0 67 145 54 197 125 289
67 0 207 108 251 67 288
145 207 0 98 210 244 269
54 108 98 0 211 148 253
197 251 210 211 0 317 460
125 67 244 148 317 0 253
289 288 269 253 460 253 0

4 2 2.5
6
3
35 86 73 26 71 74
358 354 439 503 483 248
4 11 8 17 22 47
3.4 2.6 1.2 4.3 2.4 3.7
99 84 66
594 504 396
0 186 250 292 293 184 162
186 0 416 341 306 26 324
250 416 0 260 511 405 92
292 341 260 0 580 317 220
293 306 511 580 0 329 440
184 26 405 317 329 0 313
162 324 92 220 440 313 0

5 2 2.5
6
3
25 49 36 96 52 43
266 347 303 431 177 315
12 19 28 86 32 42
1.8 2.3 4.3 4 2 4.6
204 186 160
1224 1116 960
0 27 260 253 254 112 90
27 0 265 270 237 114 105
260 265 0 474 212 371 175
253 270 474 0 507 178 307
254 237 212 507 0 346 231
112 114 371 178 346 0 198
90 105 175 307 231 198 0

