1 1 0.5
8
3
99 40 74 34 18 83 82 83
312 234 244 421 248 346 330 283
23 1 69 28 4 54 53 1
4.1 4.9 3.9 1.6 2 4 2.5 3
121 100 139
968 800 1112
0 149 122 120 279 185 131 221 178
149 0 159 130 225 298 96 155 296
122 159 0 30 363 151 70 295 296
120 130 30 0 340 181 39 271 299
279 225 363 340 0 464 315 70 290
185 298 151 181 464 0 220 405 290
131 96 70 39 315 220 0 244 308
221 155 295 271 70 405 244 0 270
178 296 296 299 290 290 308 270 0

2 1 0.5
8
3
22 86 57 45 41 63 42 10
285 346 353 370 332 291 365 214
13 66 56 22 31 60 24 1
4.6 2.3 4.1 1.8 4 3.1 1.9 3.5
124 141 106
992 1128 848
0 180 199 219 290 234 162 284 185
180 0 178 149 411 285 281 455 248
199 178 0 316 271 409 168 377 362
219 149 316 0 503 168 371 496 152
290 411 271 503 0 510 132 181 463
234 285 409 168 510 0 393 442 49
162 281 168 371 132 393 0 210 344
284 455 377 496 181 442 210 0 404
185 248 362 152 463 49 344 404 0
