1 1 0.5
8
3
99 40 74 34 18 83 82 83
312 234 244 421 248 346 330 283
23 1 69 28 4 54 53 1
4.1 4.9 3.9 1.6 2 4 2.5 3
121 100 139
968 800 1112
0 149 122 120 279 185 131 221 178
149 0 159 130 225 298 96 155 296
122 159 0 30 363 151 70 295 296
120 130 30 0 340 181 39 271 299
279 225 363 340 0 464 315 70 290
185 298 151 181 464 0 220 405 290
131 96 70 39 315 220 0 244 308
221 155 295 271 70 405 244 0 270
178 296 296 299 290 290 308 270 0

