1 1.5 0.5
50
5
15 23 5 36 13 51 99 37 29 86 38 9 71 35 6 21 46 19 49 67 21 71 58 46 90 48 28 33 85 83 82 99 5 86 36 17 35 33 53 63 18 88 69 86 23 74 7 68 91 53
370 687 558 512 433 627 497 359 756 890 219 775 608 269 554 358 730 534 558 559 402 596 723 673 708 761 568 679 692 432 789 470 285 341 615 399 603 467 629 337 720 509 184 766 743 531 429 829 280 497
15 4 4 8 12 3 37 14 10 59 31 1 66 23 3 16 27 13 30 51 2 19 18 40 51 32 13 27 18 8 16 40 5 18 29 17 17 31 11 9 14 77 9 14 4 6 3 48 56 26
1.3 1 1.9 3.4 2.9 3.8 2.1 3.3 1.8 2.8 1.9 3.2 4.9 2.2 3.8 4.4 4.5 3.9 3.1 4.2 4.8 2 1.3 3.7 3.9 4.8 3 3.2 4 3.3 3.1 4.6 3.3 4.3 2.9 1.3 3 4.1 3.6 4 2 4.6 2.1 1.8 1.7 1 1.1 1.4 3.9 3.4
305 372 398 401 393
15250 18600 19900 20050 19650
0 276 454 347 375 221 234 348 198 341 399 80 362 319 227 153 316 374 293 319 118 123 369 402 465 443 416 233 233 476 73 328 250 51 91 466 323 342 243 268 136 340 325 96 356 357 371 158 435 114 395
276 0 370 552 651 313 53 488 306 520 219 201 86 489 470 135 495 637 569 556 297 361 301 258 439 548 534 502 132 746 343 330 375 293 366 741 174 500 314 417 388 324 583 338 586 484 334 321 367 259 457
454 370 0 466 753 263 341 786 607 407 177 437 387 767 678 347 766 800 682 768 553 427 85 629 803 869 848 566 265 759 521 681 291 502 499 791 545 368 635 706 457 680 587 550 531 790 91 592 26 526 220
347 552 466 0 365 255 498 638 535 61 541 413 629 593 440 421 582 464 328 501 451 223 417 742 808 741 710 212 437 304 347 673 196 382 290 352 656 101 583 571 216 686 155 395 69 655 383 484 439 458 262
375 651 753 365 0 491 609 430 444 416 754 451 737 376 239 527 360 126 82 227 387 332 680 719 682 521 489 187 597 184 309 576 466 362 289 125 661 449 485 402 300 596 210 326 306 453 662 391 729 421 596
221 313 263 255 491 0 260 569 410 212 290 242 382 540 428 199 536 538 419 516 337 165 189 539 658 664 638 304 187 514 275 522 63 272 242 536 449 188 450 490 194 529 338 314 305 578 172 378 239 322 177
234 53 341 498 609 260 0 480 295 466 209 165 134 475 440 85 479 602 527 528 272 310 266 297 461 549 532 454 85 697 304 343 322 257 321 695 208 447 311 405 338 340 532 305 533 479 294 302 335 236 408
348 488 786 638 430 569 480 0 184 655 688 349 550 53 209 441 69 326 382 207 235 442 701 392 269 102 72 441 530 609 305 213 595 297 357 556 382 667 176 80 433 234 541 259 617 23 710 194 770 259 742
198 306 607 535 444 410 295 184 0 537 503 173 374 183 211 260 190 383 371 277 84 316 523 277 273 262 241 374 347 595 190 142 447 154 247 561 232 540 48 111 319 159 479 145 532 184 536 56 593 87 587
341 520 407 61 416 212 466 655 537 0 490 400 593 612 466 393 603 507 371 534 453 221 361 724 807 757 727 249 399 365 354 670 149 383 299 411 637 40 584 584 222 682 210 402 130 670 326 489 380 455 201
399 219 177 541 754 290 209 688 503 490 0 353 215 680 624 255 683 772 675 716 470 424 146 468 658 759 742 576 167 801 473 548 345 437 471 817 391 457 521 612 456 543 626 488 595 688 189 504 185 436 347
80 201 437 413 451 242 165 349 173 400 353 0 286 332 276 97 333 437 368 366 118 193 352 328 417 435 412 313 186 557 141 280 286 92 171 545 246 394 209 269 212 288 404 140 430 353 363 155 421 89 419
362 86 387 629 737 382 134 550 374 593 215 286 0 557 550 219 564 719 654 635 376 445 332 258 461 601 590 588 194 831 428 371 445 377 452 827 193 571 374 484 473 361 667 421 667 543 370 397 390 338 509
319 489 767 593 376 540 475 53 183 612 680 332 557 0 158 428 16 274 328 154 214 404 682 421 317 152 120 392 518 555 269 246 561 269 317 502 401 627 189 72 393 267 491 226 568 76 688 177 750 244 710
227 470 678 440 239 428 440 209 211 466 624 276 550 158 0 371 145 173 177 91 175 273 594 488 444 310 278 235 457 407 157 337 436 187 187 362 439 484 248 165 255 357 333 136 412 229 592 164 658 212 586
153 135 347 421 527 199 85 441 260 393 255 97 219 428 371 0 430 527 444 462 215 225 264 340 472 522 501 369 89 612 226 341 257 184 238 610 250 378 288 363 253 344 447 234 452 444 281 251 335 183 365
316 495 766 582 360 536 479 69 190 603 683 333 564 16 145 430 0 257 313 137 215 397 681 434 333 165 133 379 519 539 263 260 555 266 310 486 412 618 199 82 385 281 478 222 557 92 687 179 749 246 705
374 637 800 464 126 538 602 326 383 507 772 437 719 274 173 527 257 0 136 119 347 373 721 659 589 408 377 259 607 309 301 499 528 345 304 243 613 536 416 315 344 520 317 298 413 349 710 337 777 384 669
293 569 682 328 82 419 527 382 371 371 675 368 654 328 177 444 313 136 0 194 309 256 606 644 620 478 446 125 515 229 227 507 400 280 207 190 582 401 414 342 225 527 185 246 279 403 591 316 658 341 538
319 556 768 501 227 516 528 207 277 534 716 366 635 154 91 462 137 119 194 0 259 357 685 548 470 293 262 289 548 410 248 383 520 278 273 352 510 556 305 197 335 404 374 227 463 230 682 239 748 297 668
118 297 553 451 387 337 272 235 84 453 470 118 376 214 175 215 215 347 309 259 0 232 468 335 357 327 301 296 305 525 107 224 369 70 163 498 273 457 132 154 235 239 399 66 449 242 476 40 536 38 513
123 361 427 223 332 165 310 442 316 221 424 193 445 404 273 225 397 373 256 357 232 0 350 522 587 542 513 152 275 389 136 451 163 162 87 395 439 227 363 367 32 463 221 184 236 455 337 268 404 235 313
369 301 85 417 680 189 266 701 523 361 146 352 332 682 594 264 681 721 606 685 468 350 0 560 726 785 763 493 186 699 437 601 228 417 418 725 473 325 552 621 381 601 524 465 478 705 43 507 70 441 202
402 258 629 742 719 539 297 392 277 724 468 328 258 421 488 340 434 659 644 548 335 522 560 0 214 404 405 625 382 860 435 178 596 383 483 833 90 714 243 355 538 158 724 401 758 376 591 328 626 308 702
465 439 803 808 682 658 461 269 273 807 658 417 461 317 444 472 333 589 620 470 357 587 726 214 0 231 246 644 540 850 464 137 704 425 521 806 269 807 225 279 592 129 749 418 806 247 750 327 796 351 833
443 548 869 741 521 664 549 102 262 757 759 435 601 152 310 522 165 408 478 293 327 542 785 404 231 0 32 543 608 702 406 234 693 393 459 645 417 769 237 175 535 250 643 359 719 87 798 286 855 346 839
416 534 848 710 489 638 532 72 241 727 742 412 590 120 278 501 133 377 446 262 301 513 763 405 246 32 0 511 588 671 376 230 665 366 429 614 411 739 221 148 505 248 611 330 688 59 775 260 833 322 812
233 502 566 212 187 304 454 441 374 249 576 313 588 392 235 369 379 259 125 289 296 152 493 625 644 543 511 0 427 244 190 517 279 242 143 243 552 277 422 382 120 534 104 230 177 460 475 318 541 317 413
233 132 265 437 597 187 85 530 347 399 167 186 194 518 457 89 519 607 515 548 305 275 186 382 540 608 588 427 0 663 306 415 250 270 309 670 293 376 371 452 306 415 491 320 480 532 211 340 256 273 325
476 746 759 304 184 514 697 609 595 365 801 557 831 555 407 612 539 309 229 410 525 389 699 860 850 702 671 244 663 0 427 734 470 481 386 75 791 405 640 572 359 753 175 458 235 631 671 539 733 552 566
73 343 521 347 309 275 304 305 190 354 473 141 428 269 157 226 263 301 227 248 107 136 437 435 464 406 376 190 306 427 0 332 292 54 57 408 364 363 239 230 132 347 292 48 342 318 436 137 501 127 441
328 330 681 673 576 522 343 213 142 670 548 280 371 246 337 341 260 499 507 383 224 451 601 178 137 234 230 517 415 734 332 0 567 290 388 697 183 670 94 185 457 21 621 287 673 198 622 198 671 215 698
250 375 291 196 466 63 322 595 447 149 345 286 445 561 436 257 555 528 400 520 369 163 228 596 704 693 665 279 250 470 292 567 0 300 249 499 506 125 490 517 186 575 296 335 251 606 202 409 265 360 150
51 293 502 382 362 272 257 297 154 383 437 92 377 269 187 184 266 345 280 278 70 162 417 383 425 393 366 242 270 481 54 290 300 0 101 462 310 386 201 218 167 304 342 50 384 306 420 109 483 77 446
91 366 499 290 289 242 321 357 247 299 471 171 452 317 187 238 310 304 207 273 163 87 418 483 521 459 429 143 309 386 57 388 249 101 0 375 408 310 295 284 76 403 241 105 285 371 411 194 477 178 399
466 741 791 352 125 536 695 556 561 411 817 545 827 502 362 610 486 243 190 352 498 395 725 833 806 645 614 243 670 75 408 697 499 462 375 0 770 450 604 526 364 716 205 433 284 578 701 507 765 528 608
323 174 545 656 661 449 208 382 232 637 391 246 193 401 439 250 412 613 582 510 273 439 473 90 269 417 411 552 293 791 364 183 506 310 408 770 0 625 212 330 458 170 648 336 676 371 503 275 541 241 612
342 500 368 101 449 188 447 667 540 40 457 394 571 627 484 378 618 536 401 556 457 227 325 714 807 769 739 277 376 405 363 670 125 386 310 450 625 0 586 594 234 680 247 411 170 681 289 495 342 456 161
243 314 635 583 485 450 311 176 48 584 521 209 374 189 248 288 199 416 414 305 132 363 552 243 225 237 221 422 371 640 239 94 490 201 295 604 212 586 0 117 367 112 527 193 581 170 568 104 623 130 628
268 417 706 571 402 490 405 80 111 584 612 269 484 72 165 363 82 315 342 197 154 367 621 355 279 175 148 382 452 572 230 185 517 218 284 526 330 594 117 0 361 207 485 183 555 89 630 114 690 180 664
136 388 457 216 300 194 338 433 319 222 456 212 473 393 255 253 385 344 225 335 235 32 381 538 592 535 505 120 306 359 132 457 186 167 76 364 458 234 367 361 0 471 195 180 219 448 367 269 434 244 333
340 324 680 686 596 529 340 234 159 682 543 288 361 267 357 344 281 520 527 404 239 463 601 158 129 250 248 534 415 753 347 21 575 304 403 716 170 680 112 207 471 0 638 304 688 218 624 216 671 227 704
325 583 587 155 210 338 532 541 479 210 626 404 667 491 333 447 478 317 185 374 399 221 524 724 749 643 611 104 491 175 292 621 296 342 241 205 648 247 527 485 195 638 0 334 96 561 498 423 561 419 403
96 338 550 395 326 314 305 259 145 402 488 140 421 226 136 234 222 298 246 227 66 184 465 401 418 359 330 230 320 458 48 287 335 50 105 433 336 411 193 183 180 304 334 0 388 272 467 90 531 95 484
356 586 531 69 306 305 533 617 532 130 595 430 667 568 412 452 557 413 279 463 449 236 478 758 806 719 688 177 480 235 342 673 251 384 285 284 676 170 581 555 219 688 96 388 0 635 446 478 505 462 331
357 484 790 655 453 578 479 23 184 670 688 353 543 76 229 444 92 349 403 230 242 455 705 376 247 87 59 460 532 631 318 198 606 306 371 578 371 681 170 89 448 218 561 272 635 0 716 201 775 264 753
371 334 91 383 662 172 294 710 536 326 189 363 370 688 592 281 687 710 591 682 476 337 43 591 750 798 775 475 211 671 436 622 202 420 411 701 503 289 568 630 367 624 498 467 446 716 0 516 67 452 159
158 321 592 484 391 378 302 194 56 489 504 155 397 177 164 251 179 337 316 239 40 268 507 328 327 286 260 318 340 539 137 198 409 109 194 507 275 495 104 114 269 216 423 90 478 201 516 0 576 67 553
435 367 26 439 729 239 335 770 593 380 185 421 390 750 658 335 749 777 658 748 536 404 70 626 796 855 833 541 256 733 501 671 265 483 477 765 541 342 623 690 434 671 561 531 505 775 67 576 0 511 195
114 259 526 458 421 322 236 259 87 455 436 89 338 244 212 183 246 384 341 297 38 235 441 308 351 346 322 317 273 552 127 215 360 77 178 528 241 456 130 180 244 227 419 95 462 264 452 67 511 0 500
395 457 220 262 596 177 408 742 587 201 347 419 509 710 586 365 705 669 538 668 513 313 202 702 833 839 812 413 325 566 441 698 150 446 399 608 612 161 628 664 333 704 403 484 331 753 159 553 195 500 0

2 1.5 0.5
50
5
48 41 2 45 71 15 66 89 41 81 32 57 20 73 70 96 18 41 49 97 9 59 46 25 84 23 43 26 1 67 31 46 6 32 90 75 46 54 62 84 35 93 40 52 66 10 49 83 48 97
652 617 490 613 833 803 530 543 403 914 551 519 658 469 814 504 768 607 441 538 473 764 658 255 759 498 868 307 774 465 337 624 676 191 291 830 516 688 586 234 490 674 819 496 713 791 741 926 650 492
24 18 2 40 19 8 10 54 27 43 17 50 18 28 46 94 13 11 43 89 6 11 42 13 25 8 38 1 1 37 27 38 2 11 34 71 45 31 35 5 30 50 8 38 12 3 11 19 38 33
4.2 1.6 3.7 3.8 1.4 2.4 1.3 4.7 5 4.4 1.1 2.7 4.1 2.6 2.4 3 2.9 3.2 4 2.5 3.1 4.5 2.5 3.3 4.6 1.1 5 4.9 3.3 3 1.4 2.6 3.8 4.3 1.4 4.4 1.9 1.7 4.2 1.8 1 4.3 3.5 4.1 2 1 2.2 3.9 3.5 1.2
409 436 373 483 467
20450 21800 18650 24150 23350
0 480 158 152 221 417 386 341 230 304 452 198 289 316 361 372 266 444 269 218 353 137 278 272 118 365 412 474 97 479 195 191 273 383 41 61 416 182 492 310 126 342 294 467 281 308 441 357 433 295 313
480 0 395 630 701 268 95 637 682 774 386 477 349 737 172 500 399 102 217 698 833 353 286 217 533 241 544 404 394 279 517 293 737 186 507 495 489 299 563 478 487 677 313 450 553 273 181 600 485 402 170
158 395 0 294 350 426 300 483 292 448 294 318 341 342 331 470 343 392 228 334 480 77 297 232 271 222 516 522 160 329 330 173 352 361 199 128 268 127 587 412 262 299 141 311 191 323 308 260 283 369 253
152 630 294 0 73 535 538 317 167 154 580 253 392 266 500 420 353 587 416 88 202 289 402 418 134 513 448 562 238 623 223 338 176 517 124 166 520 334 534 363 185 355 435 584 348 432 592 415 540 379 461
221 701 350 73 0 608 608 360 148 110 627 321 464 238 574 482 424 660 488 38 132 355 476 490 204 572 506 631 311 679 288 410 130 591 196 222 554 403 593 428 257 351 491 624 370 505 654 429 575 449 533
417 268 426 535 608 0 252 420 647 647 574 304 147 729 124 252 198 166 207 619 726 353 139 202 406 412 289 138 320 502 346 254 688 94 421 462 636 299 296 251 352 721 435 629 617 109 403 684 640 183 210
386 95 300 538 608 252 0 569 586 684 335 401 292 643 130 451 336 118 133 604 740 258 223 133 446 176 498 389 303 250 439 203 642 158 414 399 421 205 531 420 402 587 232 396 465 219 151 517 421 345 85
341 637 483 317 360 420 569 0 484 326 765 176 290 583 465 185 238 552 440 393 419 427 351 439 225 639 180 366 330 757 153 393 487 461 305 399 751 428 258 168 221 660 596 792 620 365 687 695 767 241 485
230 682 292 167 148 647 586 484 0 253 528 400 517 98 585 575 488 662 487 110 232 329 508 490 283 509 607 699 326 601 378 411 62 609 231 191 436 387 692 515 325 204 419 514 243 538 598 292 457 516 524
304 774 448 154 110 647 684 326 253 0 732 344 499 332 633 481 452 722 557 143 93 442 525 558 246 667 495 647 381 777 304 481 219 645 271 320 663 483 579 434 298 456 590 732 480 552 745 539 684 473 604
452 386 294 580 627 574 335 765 528 732 0 591 557 531 450 712 581 452 382 603 749 338 492 386 564 162 761 704 434 124 612 387 590 482 493 416 132 342 816 662 547 413 168 64 299 505 206 300 117 601 365
198 477 318 253 321 304 401 176 400 344 591 0 157 496 313 176 107 404 269 341 427 255 197 269 119 463 213 310 159 580 42 217 425 317 175 260 587 252 296 115 75 540 422 621 477 219 512 552 601 129 316
289 349 341 392 464 147 292 290 517 499 557 157 0 605 176 161 53 262 179 478 579 264 70 176 260 405 210 186 201 514 199 176 553 171 286 342 588 226 259 129 207 617 395 601 528 75 428 600 597 53 214
316 737 342 266 238 729 643 583 98 332 531 496 605 0 657 671 580 728 556 200 289 394 590 559 381 542 705 789 409 620 476 484 113 683 324 267 421 453 790 611 421 144 451 505 232 620 633 255 443 608 589
361 172 331 500 574 124 130 465 585 633 450 313 176 657 0 329 227 91 103 578 701 265 116 99 386 288 374 259 265 378 354 173 634 33 378 394 517 206 401 305 335 630 316 506 518 100 281 580 520 229 89
372 500 470 420 482 252 451 185 575 481 712 176 161 671 329 0 131 405 341 507 572 397 232 338 291 565 48 180 312 676 197 325 596 315 351 433 731 373 120 61 252 714 547 753 644 232 590 719 743 112 376
266 399 343 353 424 198 336 238 488 452 581 107 53 580 227 131 0 314 215 441 534 268 114 213 219 435 180 211 190 548 148 193 520 224 256 324 601 241 243 84 167 604 415 621 523 127 467 598 612 28 256
444 102 392 587 660 166 118 552 662 722 452 404 262 728 91 405 314 0 175 662 789 334 207 172 476 294 447 302 349 360 445 253 713 91 464 471 539 275 462 388 426 688 346 513 570 187 258 626 539 313 139
269 217 228 416 488 207 133 440 487 557 382 269 179 556 103 341 215 175 0 488 618 162 110 4 316 226 389 324 177 334 306 78 538 132 292 295 431 103 436 300 270 527 230 431 416 122 251 480 437 229 48
218 698 334 88 38 619 604 393 110 143 603 341 478 200 578 507 441 662 488 0 146 347 484 491 222 557 533 650 313 661 310 410 95 597 200 209 525 399 620 451 273 314 473 598 339 514 642 395 546 466 532
353 833 480 202 132 726 740 419 232 93 749 427 579 289 701 572 534 789 618 146 0 488 598 620 320 703 587 734 440 807 389 540 180 716 326 353 666 536 672 523 373 427 620 741 475 627 786 524 687 557 664
137 353 77 289 355 353 258 427 329 442 338 255 264 394 265 397 268 334 162 347 488 0 221 166 232 230 444 445 96 347 273 98 384 293 174 141 335 59 512 340 210 369 170 366 266 247 303 337 347 294 196
278 286 297 402 476 139 223 351 508 525 492 197 70 590 116 232 114 207 110 484 598 221 0 107 279 337 280 226 181 445 238 124 550 121 285 323 530 174 325 197 226 586 334 538 488 30 358 558 538 122 144
272 217 232 418 490 202 133 439 490 558 386 269 176 559 99 338 213 172 4 491 620 166 107 0 316 230 386 320 179 338 306 80 540 128 294 298 435 107 432 298 270 531 235 436 420 118 254 485 441 226 48
118 533 271 134 204 406 446 225 283 246 564 119 260 381 386 291 219 476 316 222 320 232 279 316 0 462 323 428 147 579 95 243 306 399 80 174 534 257 408 232 53 439 401 582 395 307 528 469 551 244 364
365 241 222 513 572 412 176 639 509 667 162 463 405 542 288 565 435 294 226 557 703 230 337 230 462 0 614 543 318 118 491 248 570 320 403 350 248 212 663 519 434 456 90 219 330 347 91 366 245 453 204
412 544 516 448 506 289 498 180 607 495 761 213 210 705 374 48 180 447 389 533 587 444 280 386 323 614 0 198 357 724 228 374 624 358 389 473 779 421 86 104 288 754 595 801 687 279 638 762 790 160 424
474 404 522 562 631 138 389 366 699 647 704 310 186 789 259 180 211 302 324 650 734 445 226 320 428 543 198 0 388 637 346 351 731 231 467 528 754 400 173 213 378 804 555 755 712 204 540 783 761 184 338
97 394 160 238 311 320 303 330 326 381 434 159 201 409 265 312 190 349 177 313 440 96 181 179 147 318 357 388 0 436 177 100 371 285 114 142 428 109 430 252 116 416 266 462 333 211 381 408 441 218 224
479 279 329 623 679 502 250 757 601 777 124 580 514 620 378 676 548 360 334 661 807 347 445 338 579 118 724 637 436 0 609 364 663 407 518 457 252 330 768 633 552 516 188 188 394 451 101 410 240 564 304
195 517 330 223 288 346 439 153 378 304 612 42 199 476 354 197 148 445 306 310 389 273 238 306 95 491 228 346 177 609 0 248 398 359 165 256 599 279 314 140 69 531 443 638 477 261 544 552 614 168 354
191 293 173 338 410 254 203 393 411 481 387 217 176 484 173 325 193 253 78 410 540 98 124 80 243 248 374 351 100 364 248 0 461 199 214 220 411 50 433 274 202 467 221 427 364 150 296 433 421 215 123
273 737 352 176 130 688 642 487 62 219 590 425 553 113 634 596 520 713 538 95 180 384 550 540 306 570 624 731 371 663 398 461 0 656 267 243 495 440 710 537 353 246 481 574 302 580 659 345 517 547 577
383 186 361 517 591 94 158 461 609 645 482 317 171 683 33 315 224 91 132 597 716 293 121 128 399 320 358 231 285 407 359 199 656 0 396 418 550 235 379 297 347 660 349 538 549 98 309 612 553 221 122
41 507 199 124 196 421 414 305 231 271 493 175 286 324 378 351 256 464 292 200 326 174 285 294 80 403 389 467 114 518 165 214 267 396 0 94 456 212 471 290 100 366 334 507 315 315 477 390 473 284 337
61 495 128 166 222 462 399 399 191 320 416 260 342 267 394 433 324 471 295 209 353 141 323 298 174 350 473 528 142 457 256 220 243 418 94 0 366 197 553 371 188 281 269 424 221 353 432 296 385 352 334
416 489 268 520 554 636 421 751 436 663 132 587 588 421 517 731 601 539 431 525 666 335 530 435 534 248 779 754 428 252 599 411 495 550 456 366 0 361 844 675 530 292 201 85 193 550 319 174 21 625 428
182 299 127 334 403 299 205 428 387 483 342 252 226 453 206 373 241 275 103 399 536 59 174 107 257 212 421 400 109 330 279 50 440 235 212 197 361 0 483 320 223 425 174 380 318 198 271 386 371 264 137
492 563 587 534 593 296 531 258 692 579 816 296 259 790 401 120 243 462 436 620 672 512 325 432 408 663 86 173 430 768 314 433 710 379 471 553 844 483 0 182 371 835 654 860 763 317 677 838 854 219 464
310 478 412 363 428 251 420 168 515 434 662 115 129 611 305 61 84 388 300 451 523 340 197 298 232 519 104 213 252 633 140 274 537 297 290 371 675 320 182 0 190 653 495 700 583 205 552 658 687 76 340
126 487 262 185 257 352 402 221 325 298 547 75 207 421 335 252 167 426 270 273 373 210 226 270 53 434 288 378 116 552 69 202 353 347 100 188 530 223 371 190 0 465 381 572 408 254 494 483 545 194 318
342 677 299 355 351 721 587 660 204 456 413 540 617 144 630 714 604 688 527 314 427 369 586 531 439 456 754 804 416 516 531 467 246 660 366 281 292 425 835 653 465 0 369 377 126 615 546 118 312 633 551
294 313 141 435 491 435 232 596 419 590 168 422 395 451 316 547 415 346 230 473 620 170 334 235 401 90 595 555 266 188 443 221 481 349 334 269 201 174 654 495 381 369 0 206 243 351 181 286 206 437 227
467 450 311 584 624 629 396 792 514 732 64 621 601 505 506 753 621 513 431 598 741 366 538 436 582 219 801 755 462 188 638 427 574 538 507 424 85 380 860 700 572 377 206 0 274 554 271 260 65 643 419
281 553 191 348 370 617 465 620 243 480 299 477 528 232 518 644 523 570 416 339 475 266 488 420 395 330 687 712 333 394 477 364 302 549 315 221 193 318 763 583 408 126 243 274 0 514 421 75 215 551 435
308 273 323 432 505 109 219 365 538 552 505 219 75 620 100 232 127 187 122 514 627 247 30 118 307 347 279 204 211 451 261 150 580 98 315 353 550 198 317 205 254 615 351 554 514 0 361 583 557 128 147
441 181 308 592 654 403 151 687 598 745 206 512 428 633 281 590 467 258 251 642 786 303 358 254 528 91 638 540 381 101 544 296 659 309 477 432 319 271 677 552 494 546 181 271 421 361 0 453 312 480 214
357 600 260 415 429 684 517 695 292 539 300 552 600 255 580 719 598 626 480 395 524 337 558 485 469 366 762 783 408 410 552 433 345 612 390 296 174 386 838 658 483 118 286 260 75 583 453 0 195 625 495
433 485 283 540 575 640 421 767 457 684 117 601 597 443 520 743 612 539 437 546 687 347 538 441 551 245 790 761 441 240 614 421 517 553 473 385 21 371 854 687 545 312 206 65 215 557 312 195 0 635 431
295 402 369 379 449 183 345 241 516 473 601 129 53 608 229 112 28 313 229 466 557 294 122 226 244 453 160 184 218 564 168 215 547 221 284 352 625 264 219 76 194 633 437 643 551 128 480 625 635 0 266
313 170 253 461 533 210 85 485 524 604 365 316 214 589 89 376 256 139 48 532 664 196 144 48 364 204 424 338 224 304 354 123 577 122 337 334 428 137 464 340 318 551 227 419 435 147 214 495 431 266 0
