1 1 0.5
10
3
24 76 26 5 45 46 45 65 23 88
385 410 336 375 270 413 282 388 350 141
2 69 19 4 13 9 32 31 4 50
1.1 3.6 3 3.8 2.9 3.6 2.8 2.4 3.4 4
105 135 113
1050 1350 1130
0 274 222 188 257 183 236 208 213 250 30
274 0 332 90 471 277 187 385 472 154 259
222 332 0 253 173 57 407 429 389 403 195
188 90 253 0 382 197 183 330 394 165 170
257 471 173 382 0 208 490 422 319 498 246
183 277 57 197 208 0 352 391 371 347 154
236 187 407 183 490 352 0 233 364 38 243
208 385 429 330 422 391 233 0 162 269 237
213 472 389 394 319 371 364 162 0 395 241
250 154 403 165 498 347 38 269 395 0 253
30 259 195 170 246 154 243 237 241 253 0

2 1 0.5
10
3
86 92 44 1 63 78 29 78 26 70
325 456 290 236 161 337 160 433 293 387
41 39 25 1 31 5 27 15 11 48
1.3 4.3 4.9 1.7 1.7 1.5 2.1 2.2 1.3 2.6
110 103 123
1100 1030 1230
0 116 272 207 135 52 174 73 268 237 274
116 0 384 283 165 159 273 183 159 306 391
272 384 0 179 279 251 243 233 515 342 94
207 283 179 0 130 224 299 223 375 395 252
135 165 279 130 0 178 292 191 245 369 324
52 159 251 224 178 0 122 23 316 190 237
174 273 243 299 292 122 0 103 432 101 184
73 183 233 223 191 23 103 0 339 180 214
268 159 515 375 245 316 432 339 0 461 537
237 306 342 395 369 190 101 180 461 0 273
274 391 94 252 324 237 184 214 537 273 0

3 1 0.5
10
3
30 39 4 83 3 91 45 68 92 82
292 414 222 290 371 391 368 338 454 255
13 33 3 79 2 55 9 12 8 74
1.9 1.7 1.5 1.8 4.2 3.4 3.9 3.4 3.8 3.5
113 137 126
1130 1370 1260
0 246 280 83 152 281 215 171 198 298 97
246 0 233 277 397 447 33 400 105 308 285
280 233 0 237 383 559 236 341 139 83 233
83 277 237 0 147 350 251 125 200 235 14
152 397 383 147 0 270 366 77 338 370 150
281 447 559 350 270 0 415 347 452 579 362
215 33 236 251 366 415 0 373 99 306 260
171 400 341 125 77 347 373 0 324 313 120
198 105 139 200 338 452 99 324 0 207 204
298 308 83 235 370 579 306 313 207 0 226
97 285 233 14 150 362 260 120 204 226 0

4 1 0.5
10
3
78 17 47 84 5 40 50 51 90 23
326 402 242 398 318 334 357 361 403 202
51 6 1 78 3 9 13 18 66 12
2.2 4.4 3.2 3.1 4.8 3.1 2 1 1 4.1
117 123 119
1170 1230 1190
0 215 265 153 253 295 227 243 248 262 176
215 0 464 367 391 486 119 108 428 432 261
265 464 0 131 388 307 493 448 69 341 398
153 367 131 0 266 220 375 377 148 231 267
253 391 388 266 0 151 315 466 415 74 134
295 486 307 220 151 0 437 536 354 76 260
227 119 493 375 315 437 0 227 472 371 182
243 108 448 377 466 536 227 0 398 494 345
248 428 69 148 415 354 472 398 0 377 402
262 432 341 231 74 76 371 494 377 0 191
176 261 398 267 134 260 182 345 402 191 0

5 1 0.5
10
3
91 53 45 86 88 5 38 99 45 76
322 349 393 392 385 302 365 243 230 420
20 43 11 78 69 1 24 91 17 49
3.6 2.3 3.9 1.3 4 3.3 2.9 3.1 2 3.1
163 159 219
1630 1590 2190
0 146 260 187 241 253 235 282 104 177 293
146 0 376 235 210 257 219 413 249 322 315
260 376 0 421 297 499 275 351 177 153 524
187 235 421 0 412 82 411 244 243 288 106
241 210 297 412 0 456 23 509 283 339 509
253 257 499 82 456 0 459 315 321 370 61
235 219 275 411 23 459 0 497 269 322 510
282 413 351 244 509 315 497 0 230 203 296
104 249 177 243 283 321 269 230 0 73 347
177 322 153 288 339 370 322 203 73 0 386
293 315 524 106 509 61 510 296 347 386 0

1 1 1
10
3
56 87 79 99 66 99 50 93 15 40
345 429 416 443 331 542 480 283 107 340
7 73 31 35 27 44 18 34 1 9
1.4 3.1 1.8 1.7 4.2 3.1 3.1 2.7 1.3 1.4
140 111 119
1400 1110 1190
0 84 185 250 266 255 286 290 25 24 291
84 0 262 271 301 202 324 214 65 62 374
185 262 0 369 181 355 187 428 197 202 204
250 271 369 0 506 473 523 463 267 260 315
266 301 181 506 0 275 23 373 258 266 384
255 202 355 473 275 0 297 103 230 234 529
286 324 187 523 23 297 0 396 280 288 388
290 214 428 463 373 103 396 0 265 266 580
25 65 197 267 258 230 280 265 0 8 315
24 62 202 260 266 234 288 266 8 0 315
291 374 204 315 384 529 388 580 315 315 0

2 1 1
10
3
7 88 97 17 48 33 11 69 5 13
316 406 321 297 220 365 181 406 388 104
1 53 26 1 7 7 1 31 1 8
3.2 1.9 3.2 3.3 4.9 4 1.8 2.5 3.6 1.6
66 82 68
660 820 680
0 233 251 190 133 97 283 98 248 288 78
233 0 48 418 332 329 472 330 21 346 159
251 48 0 428 334 348 467 345 30 392 173
190 418 428 0 110 110 152 93 431 407 259
133 332 334 110 0 117 150 88 342 408 178
97 329 348 110 117 0 240 29 345 304 174
283 472 467 152 150 240 0 213 479 545 325
98 330 345 93 88 29 213 0 344 331 172
248 21 30 431 342 345 479 344 0 368 172
288 346 392 407 408 304 545 331 368 0 309
78 159 173 259 178 174 325 172 172 309 0

3 1 1
10
3
41 15 65 32 92 22 83 2 57 29
298 96 466 118 449 337 176 341 298 330
29 13 22 23 59 6 27 1 16 25
4.3 1.1 4.3 3.1 1 4.9 3.5 4.3 2.3 1.6
95 103 101
950 1030 1010
0 132 36 281 58 283 223 32 237 173 172
132 0 96 403 130 349 138 159 191 150 161
36 96 0 313 61 298 194 65 218 157 158
281 403 313 0 323 428 432 269 505 440 330
58 130 61 323 0 237 249 54 184 119 219
283 349 298 428 237 0 482 257 244 223 455
223 138 194 432 249 482 0 255 323 288 105
32 159 65 269 54 257 255 0 239 174 202
237 191 218 505 184 244 323 239 0 65 350
173 150 157 440 119 223 288 174 65 0 299
172 161 158 330 219 455 105 202 350 299 0
