1 1.5 0.5
80
5
23 69 27 22 68 33 65 22 29 66 49 37 57 92 56 54 85 70 62 85 98 90 1 6 70 93 38 26 61 29 52 81 97 78 3 66 9 66 85 37 32 34 72 88 25 28 41 10 96 3 92 94 92 91 99 60 84 36 86 43 64 36 25 61 14 27 25 20 92 11 56 22 44 28 9 68 54 49 76 50
406 509 240 690 894 468 238 544 297 810 938 620 652 462 1140 1153 871 343 651 637 372 849 312 550 615 1028 1038 1079 464 517 1016 758 961 1165 996 1070 644 1230 427 1076 346 376 1180 1170 978 876 651 387 776 661 746 602 369 669 1164 572 960 1218 537 1211 706 841 583 838 640 578 594 978 741 787 753 350 629 1116 304 811 685 951 1043 547
5 54 24 8 11 9 32 19 7 52 1 19 57 53 6 41 64 44 47 48 40 77 1 3 37 6 20 7 59 14 29 39 14 72 3 36 6 53 25 20 28 6 26 67 18 8 23 4 93 3 91 62 51 3 42 1 13 35 43 24 52 19 2 53 1 3 23 16 72 10 49 5 9 22 8 20 39 37 3 49
1.1 4.9 4.5 3.6 2.5 3.7 2.4 4.5 1.3 1.6 4.9 3.8 1.1 2.5 4.1 4.6 4.5 4.9 3.6 4.8 5 1 2.8 4.5 4.4 2.1 2.4 3.9 2.2 2.6 1.6 2.3 2.4 1.2 4.9 3.9 4.1 2.5 3.6 4.5 3.1 3.6 3.2 3.2 1 2.4 2.7 4.5 2.4 1.4 4.4 2.4 1.4 2.1 2 4.8 3.4 3.6 3.9 4.6 1.1 4.5 2.1 2.6 4.8 2.1 1.6 4 3.6 4.2 3.4 1.8 2.7 1.7 4.2 2.7 3.1 2 2.4 4.8
776 759 607 643 698
62080 60720 48560 51440 55840
0 358 398 80 401 454 340 62 392 177 124 269 431 491 337 404 404 497 188 236 338 152 467 205 298 402 466 461 491 382 201 461 240 267 461 418 462 255 493 244 440 279 180 431 370 444 294 496 195 335 379 238 352 270 219 436 200 333 469 108 493 60 490 333 487 463 446 329 287 218 240 330 146 398 414 210 365 390 208 361 300
358 0 747 349 460 549 319 377 742 421 471 490 774 152 410 319 661 855 193 299 599 391 566 549 531 299 821 123 582 584 167 469 265 568 568 634 580 262 178 587 389 397 385 751 34 540 560 582 207 546 317 171 333 424 200 791 232 385 328 423 399 352 559 102 136 663 590 90 503 206 407 606 504 71 152 461 460 53 453 233 128
398 747 0 399 554 538 702 370 6 463 277 504 294 887 522 669 288 150 558 516 473 378 720 291 331 776 86 835 743 570 599 627 543 222 709 571 515 633 891 160 789 470 498 377 764 707 277 568 552 362 746 635 601 565 569 211 591 665 845 390 851 395 759 699 865 404 477 699 357 565 544 251 255 774 766 459 658 770 342 671 699
80 349 399 0 320 374 399 36 394 257 128 350 483 494 257 335 349 516 159 164 417 76 544 264 232 451 475 437 568 463 216 381 174 228 539 498 383 307 504 238 500 198 258 495 368 521 239 416 155 266 434 266 278 347 174 474 245 402 516 187 549 20 566 302 466 395 370 301 216 172 317 280 174 375 375 291 440 371 140 303 321
401 460 554 320 0 90 669 347 552 577 393 671 752 605 65 175 313 703 328 191 735 259 855 561 222 696 640 464 878 784 439 73 214 334 851 819 125 576 637 429 768 122 573 786 493 830 276 122 302 197 693 496 130 659 289 713 510 695 749 507 803 340 871 359 501 249 149 371 197 283 630 309 447 431 365 612 746 441 239 241 519
454 549 538 374 90 0 744 395 536 631 422 723 764 695 142 262 269 688 408 269 778 303 917 591 215 776 622 554 941 835 518 123 296 330 912 867 39 650 726 434 844 182 632 809 582 894 266 42 382 178 771 575 220 720 371 715 584 765 831 555 882 393 936 449 590 180 75 460 200 365 690 287 475 521 454 663 811 530 265 331 603
340 319 702 399 669 744 0 399 696 245 456 253 604 340 606 586 744 759 342 477 361 473 249 424 631 81 751 436 263 306 232 706 456 607 252 356 763 93 310 568 101 563 205 548 297 224 634 785 368 664 44 180 568 169 385 656 160 78 146 312 153 385 239 391 437 794 757 377 614 391 175 670 453 390 466 264 152 373 539 506 192
62 377 370 36 347 395 399 0 365 236 95 328 447 519 285 370 345 483 190 199 388 91 529 229 236 456 444 469 553 439 235 410 210 213 523 473 401 310 526 210 499 224 242 460 394 507 234 437 188 273 437 280 312 332 209 439 252 395 523 160 551 24 553 335 497 401 384 333 224 207 302 272 139 406 409 268 428 401 146 339 339
392 742 6 394 552 536 696 365 0 457 271 498 290 882 519 665 288 152 553 512 467 373 714 285 329 770 89 830 737 565 593 625 539 219 704 566 514 627 886 155 783 467 492 372 758 701 275 567 547 360 740 629 597 559 564 209 585 658 838 383 845 389 753 694 860 404 476 694 354 560 538 249 249 769 761 453 652 765 338 667 693
177 421 463 257 577 631 245 236 457 0 249 93 372 515 513 560 555 514 313 403 184 328 296 179 464 324 507 541 321 207 257 634 399 407 289 247 638 198 500 344 327 455 42 334 418 276 450 674 331 504 290 253 517 107 356 414 191 201 391 86 389 237 325 437 558 629 621 428 457 358 82 478 228 480 523 42 206 467 379 503 315
124 471 277 128 393 422 456 95 271 249 0 328 368 610 338 447 305 388 286 277 360 142 544 169 226 521 349 564 569 430 323 462 296 158 537 455 420 374 615 120 552 275 270 394 487 525 203 463 283 268 497 362 385 355 303 349 324 437 589 162 609 120 574 430 593 385 395 429 227 300 327 228 55 502 503 268 454 497 157 426 424
269 490 504 350 671 723 253 328 498 93 328 0 354 565 606 653 632 529 402 497 112 419 221 214 550 334 535 613 245 113 334 728 492 483 212 154 729 241 545 407 311 549 111 294 482 204 531 766 421 591 296 318 610 84 446 415 257 187 395 170 375 330 256 519 626 712 710 509 545 448 86 555 296 554 605 60 156 539 468 593 373
431 774 294 483 752 764 604 447 290 372 368 354 0 883 702 814 556 223 619 644 266 510 523 227 549 685 266 886 542 363 606 824 658 437 511 342 751 570 871 331 664 641 414 94 777 519 503 802 626 590 648 617 753 437 649 93 558 541 748 350 728 468 568 764 909 669 718 758 564 649 429 496 313 823 846 342 502 813 513 787 682
491 152 887 494 605 695 340 519 882 515 610 565 883 0 559 450 814 986 342 452 678 541 584 666 684 286 957 168 595 641 290 606 418 718 589 692 727 324 47 729 373 549 474 848 127 561 712 725 359 699 318 266 475 487 353 911 325 418 280 537 357 495 566 246 143 815 740 236 656 359 479 757 638 176 257 551 493 164 604 368 201
337 410 522 257 65 142 606 285 519 513 338 606 702 559 0 161 307 668 267 128 674 199 790 504 196 635 608 428 813 720 377 125 154 299 786 756 170 512 588 386 705 62 508 732 442 765 249 180 240 183 630 434 98 594 229 668 446 630 689 444 741 277 806 313 464 267 181 323 167 223 565 287 393 388 330 548 681 396 190 207 461
404 319 669 335 175 262 586 370 665 560 447 653 814 450 161 0 469 809 256 171 738 307 804 599 354 594 754 297 825 765 356 156 163 448 802 807 300 500 488 522 676 199 544 830 354 778 405 285 233 344 600 406 68 619 210 794 439 629 637 511 700 353 811 217 333 421 324 231 324 206 593 446 501 274 197 601 692 288 327 85 409
404 661 288 349 313 269 744 345 288 555 305 632 556 814 307 469 0 436 474 368 649 282 850 443 130 800 366 712 875 730 561 379 402 149 842 749 238 655 833 242 845 281 574 621 688 830 111 291 456 125 782 614 404 661 460 489 595 737 866 468 897 360 880 581 747 115 198 587 159 455 632 77 337 661 622 573 759 664 214 504 664
497 855 150 516 703 688 759 483 152 514 388 529 223 986 668 809 436 0 674 651 467 509 726 335 480 838 71 952 747 568 697 776 675 369 715 555 665 704 985 288 835 614 554 317 867 718 427 718 671 512 804 724 742 604 691 130 673 708 905 458 899 508 769 818 980 551 627 817 505 688 588 401 350 890 891 498 685 884 483 805 790
188 193 558 159 328 408 342 190 553 313 286 402 619 342 267 256 474 674 0 138 496 198 548 392 345 368 634 278 569 512 110 364 114 375 546 557 431 251 359 397 439 233 291 614 215 523 370 447 26 366 364 167 228 363 46 622 187 376 423 280 474 165 557 146 307 490 432 143 319 50 337 415 325 216 226 354 436 211 262 191 198
236 299 516 164 191 269 477 199 512 403 277 497 644 452 128 171 368 651 138 0 575 141 669 428 239 507 600 343 691 610 248 235 34 304 665 650 293 384 476 362 576 99 392 659 329 644 277 309 112 248 502 305 115 475 104 626 318 504 562 345 613 182 682 212 378 363 296 219 209 98 447 323 330 292 258 441 558 296 178 155 335
338 599 473 417 735 778 361 388 467 184 360 112 266 678 674 738 649 467 496 575 0 477 259 206 587 441 486 721 280 101 439 798 575 502 248 100 779 353 657 410 406 613 215 192 593 253 558 820 512 629 401 428 690 194 537 342 366 289 498 230 469 397 303 621 735 742 755 612 588 539 199 574 316 661 707 142 239 647 514 685 485
152 391 378 76 259 303 473 91 373 328 142 419 510 541 199 307 282 509 198 141 477 0 619 304 159 523 460 463 643 531 279 325 165 178 613 564 310 381 556 221 575 137 332 534 414 596 173 346 184 190 507 332 243 421 196 487 317 478 586 251 623 93 641 326 495 320 294 328 141 192 391 217 197 404 388 359 515 403 68 295 382
467 566 720 544 855 917 249 529 714 296 544 221 523 584 790 804 850 726 548 669 259 619 0 432 761 300 742 685 24 159 451 904 656 702 11 187 928 311 549 628 222 737 286 440 545 26 746 960 573 800 266 410 774 197 594 601 365 181 330 382 270 526 45 628 686 925 913 615 753 599 227 773 516 637 708 278 112 619 674 731 438
205 549 291 264 561 591 424 229 285 179 169 214 227 666 504 599 443 335 392 428 206 304 432 0 389 502 328 660 456 293 383 629 438 297 422 306 587 369 659 204 504 441 219 231 555 418 355 632 400 431 468 400 541 276 424 245 344 378 569 128 567 246 470 536 683 539 560 531 394 423 256 369 116 596 619 168 367 587 326 564 465
298 531 331 232 222 215 631 236 329 464 226 550 549 684 196 354 130 480 345 239 587 159 761 389 0 682 417 583 785 656 436 295 273 115 754 682 202 540 703 218 733 157 476 597 558 739 54 252 326 42 666 490 287 566 330 500 476 632 746 380 781 246 787 451 618 165 172 457 31 325 536 91 272 531 495 489 663 534 92 380 538
402 299 776 451 696 776 81 456 770 324 521 334 685 286 635 594 800 838 368 507 441 523 300 502 682 0 828 406 309 380 258 727 482 669 305 429 799 147 248 637 91 598 283 629 271 278 689 816 394 712 39 201 586 249 408 736 205 153 68 386 106 440 280 386 400 841 796 372 663 413 256 728 524 369 451 345 220 351 590 511 185
466 821 86 475 640 622 751 444 89 507 349 535 266 957 608 754 366 71 634 600 486 460 742 328 417 828 0 913 764 587 667 713 626 308 731 580 597 688 959 239 833 556 545 358 835 732 363 651 630 447 795 700 686 604 648 173 652 706 896 442 896 469 784 777 942 481 559 777 443 645 585 335 319 851 846 496 691 846 427 755 764
461 123 835 437 464 554 436 469 830 541 564 613 886 168 428 297 712 952 278 343 721 463 685 660 583 406 913 0 700 707 285 454 310 640 687 757 590 385 213 674 497 433 506 869 139 660 620 581 282 589 429 295 335 547 266 897 355 506 421 537 497 444 675 136 36 693 608 135 552 270 530 666 603 63 100 582 581 74 517 223 249
491 582 743 568 878 941 263 553 737 321 569 245 542 595 813 825 875 747 569 691 280 643 24 456 785 309 764 700 0 179 471 927 678 726 33 203 952 330 558 652 227 760 310 458 560 47 771 983 594 824 277 428 796 221 616 622 385 199 334 407 271 550 35 646 700 950 937 633 777 620 251 797 541 653 725 302 133 635 698 751 454
382 584 570 463 784 835 306 439 565 207 430 113 363 641 720 765 730 568 512 610 101 531 159 293 656 380 587 707 179 0 436 842 605 581 148 50 839 324 614 496 330 662 221 282 572 156 633 877 533 697 341 413 724 160 557 442 355 228 430 280 390 443 204 622 717 816 819 611 653 559 179 653 392 651 707 171 162 635 577 703 461
201 167 599 216 439 518 232 235 593 257 323 334 606 290 377 356 561 697 110 248 439 279 451 383 436 258 667 285 471 436 0 474 225 444 450 484 540 144 292 442 329 340 224 584 172 425 452 557 137 462 254 57 336 279 153 626 85 273 315 256 364 212 455 185 303 589 539 175 413 158 257 495 348 223 271 298 339 210 347 280 104
461 469 627 381 73 123 706 410 625 634 462 728 824 606 125 156 379 776 364 235 798 325 904 629 295 727 713 454 927 842 474 0 251 408 901 879 163 615 642 503 803 187 627 856 503 879 349 134 338 268 727 529 140 711 321 786 550 739 775 568 833 401 917 366 489 302 197 379 271 315 682 381 517 430 354 671 794 442 311 237 544
240 265 543 174 214 296 456 210 539 399 296 492 658 418 154 163 402 675 114 34 575 165 656 438 273 482 626 310 678 605 225 251 0 334 653 647 322 364 443 386 554 132 385 668 296 631 310 334 88 282 479 281 119 465 75 645 299 488 535 347 588 191 667 178 345 397 328 185 243 69 437 356 346 258 226 439 544 262 209 131 306
267 568 222 228 334 330 607 213 219 407 158 483 437 718 299 448 149 369 375 304 502 178 702 297 115 669 308 640 726 581 444 408 334 0 694 601 314 522 730 106 706 248 428 491 591 682 65 365 362 153 647 492 379 514 374 385 465 594 736 320 761 233 732 503 673 242 280 506 136 370 486 72 188 582 561 424 613 582 125 457 549
461 568 709 539 851 912 252 523 704 289 537 212 511 589 786 802 842 715 546 665 248 613 11 422 754 305 731 687 33 148 450 901 653 694 0 175 923 311 554 619 230 732 281 428 548 28 739 955 570 793 271 410 771 192 592 590 364 182 337 375 279 520 57 628 689 918 908 616 746 596 222 765 508 639 708 269 111 621 668 730 440
418 634 571 498 819 867 356 473 566 247 455 154 342 692 756 807 749 555 557 650 100 564 187 306 682 429 580 757 203 50 484 879 647 601 175 0 870 374 665 510 375 697 265 255 622 189 655 909 576 724 390 462 764 210 601 427 404 278 478 312 434 478 232 670 767 839 848 659 681 603 228 673 413 700 755 208 210 685 606 748 511
462 580 515 383 125 39 763 401 514 638 420 729 751 727 170 300 238 665 431 293 779 310 928 587 202 799 597 590 952 839 540 163 322 314 923 870 0 669 758 420 864 200 642 800 612 905 249 53 406 161 791 597 254 731 397 698 603 780 855 559 904 402 949 481 626 143 40 492 193 391 701 265 470 555 490 668 823 564 264 366 628
255 262 633 307 576 650 93 310 627 198 374 241 570 324 512 500 655 704 251 384 353 381 311 369 540 147 688 385 330 324 144 615 364 522 311 374 669 0 305 491 195 469 156 527 247 285 544 691 277 571 126 98 478 165 295 611 66 131 215 246 241 295 312 316 392 701 663 304 522 300 154 582 379 331 397 230 201 314 447 423 136
493 178 891 504 637 726 310 526 886 500 615 545 871 47 588 488 833 985 359 476 657 556 549 659 703 248 959 213 558 614 292 642 443 730 554 665 758 305 0 735 334 575 459 832 147 526 729 759 377 721 283 260 509 464 375 904 315 388 237 530 314 503 528 277 190 840 768 266 676 381 458 773 639 213 298 534 462 200 621 404 194
244 587 160 238 429 434 568 210 155 344 120 407 331 729 386 522 242 288 397 362 410 221 628 204 218 637 239 674 652 496 442 503 386 106 619 510 420 491 735 0 662 329 372 384 604 611 172 470 391 258 610 482 455 451 408 284 443 542 705 260 720 234 662 538 705 346 387 538 235 405 425 172 116 613 606 352 549 609 197 516 544
440 389 789 500 768 844 101 499 783 327 552 311 664 373 705 676 845 835 439 576 406 575 222 504 733 91 833 497 227 330 329 803 554 706 230 375 864 195 334 662 0 664 291 598 362 203 734 885 466 765 76 273 663 231 482 725 261 126 107 402 63 486 195 473 491 895 858 459 716 487 247 770 546 460 541 337 168 441 640 594 271
279 397 470 198 122 182 563 224 467 455 275 549 641 549 62 199 281 614 233 99 613 137 737 441 157 598 556 433 760 662 340 187 132 248 732 697 200 469 575 329 664 0 453 669 428 713 205 223 208 156 591 397 131 540 203 609 403 582 656 384 704 218 755 307 469 265 199 315 126 197 511 248 331 386 341 490 629 391 132 223 431
180 385 498 258 573 632 205 242 492 42 270 111 414 474 508 544 574 554 291 392 215 332 286 219 476 283 545 506 310 221 224 627 385 428 281 265 642 156 459 372 291 453 0 374 380 264 466 674 311 515 250 215 504 89 335 456 153 169 350 112 352 239 310 408 521 641 627 398 467 338 59 497 256 446 494 77 186 432 388 482 275
431 751 377 495 786 809 548 460 372 334 394 294 94 848 732 830 621 317 614 659 192 534 440 231 597 629 358 869 458 282 584 856 668 491 428 255 800 527 832 384 598 669 374 0 751 438 555 848 625 639 590 587 772 379 649 187 525 479 689 335 661 477 485 754 888 729 769 747 608 649 377 555 338 806 838 297 432 795 548 793 649
370 34 764 368 493 582 297 394 758 418 487 482 777 127 442 354 688 867 215 329 593 414 545 555 558 271 835 139 560 572 172 503 296 591 548 622 612 247 147 604 362 428 380 751 0 520 585 615 232 574 291 165 367 412 228 798 227 366 296 427 368 369 536 137 144 693 622 124 530 234 397 630 517 98 183 457 442 80 477 268 111
444 540 707 521 830 894 224 507 701 276 525 204 519 561 765 778 830 718 523 644 253 596 26 418 739 278 732 660 47 156 425 879 631 682 28 189 905 285 526 611 203 713 264 438 520 0 726 936 547 778 243 384 749 174 569 595 339 155 311 362 254 503 52 602 661 904 891 589 731 573 204 753 498 611 682 259 86 594 652 705 412
294 560 277 239 276 266 634 234 275 450 203 531 503 712 249 405 111 427 370 277 558 173 746 355 54 689 363 620 771 633 452 349 310 65 739 655 249 544 729 172 734 205 466 555 585 726 0 300 353 88 671 504 337 554 361 449 484 627 755 363 786 249 775 486 655 183 215 491 81 356 525 45 242 566 535 470 652 567 107 425 555
496 582 568 416 122 42 785 437 567 674 463 766 802 725 180 285 291 718 447 309 820 346 960 632 252 816 651 581 983 877 557 134 334 365 955 909 53 691 759 470 885 223 674 848 615 936 300 0 421 212 811 615 250 762 409 750 625 806 870 597 922 436 978 481 617 191 92 492 239 403 733 318 515 551 481 705 853 561 306 359 641
195 207 552 155 302 382 368 188 547 331 283 421 626 359 240 233 456 671 26 112 512 184 573 400 326 394 630 282 594 533 137 338 88 362 570 576 406 277 377 391 466 208 311 625 232 547 353 421 0 344 391 193 202 386 25 625 212 402 449 292 501 164 582 147 313 467 407 147 299 26 359 398 326 222 221 372 461 219 246 172 223
335 546 362 266 197 178 664 273 360 504 268 591 590 699 183 344 125 512 366 248 629 190 800 431 42 712 447 589 824 697 462 268 282 153 793 724 161 571 721 258 765 156 515 639 574 778 88 212 344 0 698 517 279 604 346 538 507 667 774 420 813 281 825 461 625 129 129 468 49 340 575 112 315 541 498 530 701 545 127 379 561
379 317 746 434 693 771 44 437 740 290 497 296 648 318 630 600 782 804 364 502 401 507 266 468 666 39 795 429 277 341 254 727 479 647 271 390 791 126 283 610 76 591 250 590 291 243 671 811 391 698 0 198 587 211 406 701 190 113 101 356 115 421 249 397 425 827 787 383 648 411 219 709 496 388 467 309 182 370 574 518 195
238 171 635 266 496 575 180 280 629 253 362 318 617 266 434 406 614 724 167 305 428 332 410 400 490 201 700 295 428 413 57 529 281 492 410 462 597 98 260 482 273 397 215 587 165 384 504 615 193 517 198 0 390 253 208 645 62 229 258 271 307 259 410 218 307 645 596 205 468 213 235 545 380 238 299 292 299 222 400 327 65
352 333 601 278 130 220 568 312 597 517 385 610 753 475 98 68 404 742 228 115 690 243 774 541 287 586 686 335 796 724 336 140 119 379 771 764 254 478 509 455 663 131 504 772 367 749 337 250 202 279 587 390 0 584 183 729 415 604 634 460 693 297 785 231 371 364 273 243 256 178 556 378 439 301 236 556 662 311 259 112 404
270 424 565 347 659 720 169 332 559 107 355 84 437 487 594 619 661 604 363 475 194 421 197 276 566 249 604 547 221 160 279 711 465 514 192 210 731 165 464 451 231 540 89 379 412 174 554 762 386 604 211 253 584 0 409 494 195 105 311 193 295 328 221 464 557 730 716 453 556 413 29 584 335 491 549 107 98 475 478 552 301
219 200 569 174 289 371 385 209 564 356 303 446 649 353 229 210 460 691 46 104 537 196 594 424 330 408 648 266 616 557 153 321 75 374 592 601 397 295 375 408 482 203 335 649 228 569 361 409 25 346 406 208 183 409 0 647 232 422 460 317 514 185 603 130 299 466 401 132 302 6 383 406 348 208 200 397 482 207 254 147 231
436 791 211 474 713 715 656 439 209 414 349 415 93 911 668 794 489 130 622 626 342 487 601 245 500 736 173 897 622 442 626 786 645 385 590 427 698 611 904 284 725 609 456 187 798 595 449 750 625 538 701 645 729 494 647 0 589 599 802 374 789 462 645 769 922 604 663 765 519 645 482 436 300 834 847 391 569 826 477 776 711
200 232 591 245 510 584 160 252 585 191 324 257 558 325 446 439 595 673 187 318 366 317 365 344 476 205 652 355 385 355 85 550 299 465 364 404 603 66 315 443 261 403 153 525 227 339 484 625 212 507 190 62 415 195 232 589 0 190 271 216 305 234 371 269 369 637 597 257 458 237 176 523 335 297 353 230 253 282 384 365 124
333 385 665 402 695 765 78 395 658 201 437 187 541 418 630 629 737 708 376 504 289 478 181 378 632 153 706 506 199 228 273 739 488 594 182 278 780 131 388 542 126 582 169 479 366 155 627 806 402 667 113 229 604 105 422 599 190 0 209 281 190 386 182 447 509 796 770 434 618 426 121 661 425 456 526 211 76 439 541 553 257
469 328 845 516 749 831 146 523 838 391 589 395 748 280 689 637 866 905 423 562 498 586 330 569 746 68 896 421 334 430 315 775 535 736 337 478 855 215 237 705 107 656 350 689 296 311 755 870 449 774 101 258 634 311 460 802 271 209 0 455 77 505 301 423 410 903 855 409 725 466 320 794 593 394 480 410 268 376 654 552 230
108 423 390 187 507 555 312 160 383 86 162 170 350 537 444 511 468 458 280 345 230 251 382 128 380 386 442 537 407 280 256 568 347 320 375 312 559 246 530 260 402 384 112 335 427 362 363 597 292 420 356 271 460 193 317 374 216 281 455 0 462 167 412 419 558 543 540 412 375 318 166 391 144 474 503 109 292 463 297 464 337
493 399 851 549 803 882 153 551 845 389 609 375 728 357 741 700 897 899 474 613 469 623 270 567 781 106 896 497 271 390 364 833 588 761 279 434 904 241 314 720 63 704 352 661 368 254 786 922 501 813 115 307 693 295 514 789 305 190 77 462 0 536 236 490 486 942 901 475 763 520 311 823 605 466 551 401 230 448 689 616 291
60 352 395 20 340 393 385 24 389 237 120 330 468 495 277 353 360 508 165 182 397 93 526 246 246 440 469 444 550 443 212 401 191 233 520 478 402 295 503 234 486 218 239 477 369 503 249 436 164 281 421 259 297 328 185 462 234 386 505 167 536 0 548 310 473 410 388 309 232 183 298 289 162 382 386 271 422 376 154 318 316
490 559 759 566 871 936 239 553 753 325 574 256 568 566 806 811 880 769 557 682 303 641 45 470 787 280 784 675 35 204 455 917 667 732 57 232 949 312 528 662 195 755 310 485 536 52 775 978 582 825 249 410 785 221 603 645 371 182 301 412 236 548 0 627 674 952 936 614 777 607 250 803 549 630 704 310 125 612 698 735 432
333 102 699 302 359 449 391 335 694 437 430 519 764 246 313 217 581 818 146 212 621 326 628 536 451 386 777 136 646 622 185 366 178 503 628 670 481 316 277 538 473 307 408 754 137 602 486 481 147 461 397 218 231 464 130 769 269 447 423 419 490 310 627 0 169 572 494 14 421 134 443 532 472 80 86 479 518 84 381 131 201
487 136 865 466 501 590 437 497 860 558 593 626 909 143 464 333 747 980 307 378 735 495 686 683 618 400 942 36 700 717 303 489 345 673 689 767 626 392 190 705 491 469 521 888 144 661 655 617 313 625 425 307 371 557 299 922 369 509 410 558 486 473 674 169 0 730 644 166 588 303 542 700 631 91 136 598 585 97 550 259 256
463 663 404 395 249 180 794 401 404 629 385 712 669 815 267 421 115 551 490 363 742 320 925 539 165 841 481 693 950 816 589 302 397 242 918 839 143 701 840 346 895 265 641 729 693 904 183 191 467 129 827 645 364 730 466 604 637 796 903 543 942 410 952 572 730 0 105 580 179 460 701 174 426 650 597 652 828 656 255 474 687
446 590 477 370 149 75 757 384 476 621 395 710 718 740 181 324 198 627 432 296 755 294 913 560 172 796 559 608 937 819 539 197 328 280 908 848 40 663 768 387 858 199 627 769 622 891 215 92 407 129 787 596 273 716 401 663 597 770 855 540 901 388 936 494 644 105 0 504 167 395 686 227 443 569 509 649 810 577 242 385 631
329 90 699 301 371 460 377 333 694 428 429 509 758 236 323 231 587 817 143 219 612 328 615 531 457 372 777 135 633 611 175 379 185 506 616 659 492 304 266 538 459 315 398 747 124 589 491 492 147 468 383 205 243 453 132 765 257 434 409 412 475 309 614 14 166 580 504 0 427 136 432 536 469 76 96 470 505 77 385 145 187
287 503 357 216 197 200 614 224 354 457 227 545 564 656 167 324 159 505 319 209 588 141 753 394 31 663 443 552 777 653 413 271 243 136 746 681 193 522 676 235 716 126 467 608 530 731 81 239 299 49 648 468 256 556 302 519 458 618 725 375 763 232 777 421 588 179 167 427 0 296 526 121 277 501 464 484 652 505 78 349 514
218 206 565 172 283 365 391 207 560 358 300 448 649 359 223 206 455 688 50 98 539 192 599 423 325 413 645 270 620 559 158 315 69 370 596 603 391 300 381 405 487 197 338 649 234 573 356 403 26 340 411 213 178 413 6 645 237 426 466 318 520 183 607 134 303 460 395 136 296 0 386 401 346 212 203 399 486 212 249 146 237
240 407 544 317 630 690 175 302 538 82 327 86 429 479 565 593 632 588 337 447 199 391 227 256 536 256 585 530 251 179 257 682 437 486 222 228 701 154 458 425 247 511 59 377 397 204 525 733 359 575 219 235 556 29 383 482 176 121 320 166 311 298 250 443 542 701 686 432 526 386 0 555 309 473 528 90 127 457 448 527 288
330 606 251 280 309 287 670 272 249 478 228 555 496 757 287 446 77 401 415 323 574 217 773 369 91 728 335 666 797 653 495 381 356 72 765 673 265 582 773 172 770 248 497 555 630 753 45 318 398 112 709 545 378 584 406 436 523 661 794 391 823 289 803 532 700 174 227 536 121 401 555 0 260 612 581 495 682 613 152 469 598
146 504 255 174 447 475 453 139 249 228 55 296 313 638 393 501 337 350 325 330 316 197 516 116 272 524 319 603 541 392 348 517 346 188 508 413 470 379 639 116 546 331 256 338 517 498 242 515 326 315 496 380 439 335 348 300 335 425 593 144 605 162 549 472 631 426 443 469 277 346 309 260 0 540 548 239 433 534 210 477 445
398 71 774 375 431 521 390 406 769 480 502 554 823 176 388 274 661 890 216 292 661 404 637 596 531 369 851 63 653 651 223 430 258 582 639 700 555 331 213 613 460 386 446 806 98 611 566 551 222 541 388 238 301 491 208 834 297 456 394 474 466 382 630 80 91 650 569 76 501 212 473 612 540 0 87 521 530 18 461 192 199
414 152 766 375 365 454 466 409 761 523 503 605 846 257 330 197 622 891 226 258 707 388 708 619 495 451 846 100 725 707 271 354 226 561 708 755 490 397 298 606 541 341 494 838 183 682 535 481 221 498 467 299 236 549 200 847 353 526 480 503 551 386 704 86 136 597 509 96 464 203 528 581 548 87 0 565 598 104 436 124 273
210 461 459 291 612 663 264 268 453 42 268 60 342 551 548 601 573 498 354 441 142 359 278 168 489 345 496 582 302 171 298 671 439 424 269 208 668 230 534 352 337 490 77 297 457 259 470 705 372 530 309 292 556 107 397 391 230 211 410 109 401 271 310 479 598 652 649 470 484 399 90 495 239 521 565 0 199 508 407 545 352
365 460 658 440 746 811 152 428 652 206 454 156 502 493 681 692 759 685 436 558 239 515 112 367 663 220 691 581 133 162 339 794 544 613 111 210 823 201 462 549 168 629 186 432 442 86 652 853 461 701 182 299 662 98 482 569 253 76 268 292 230 422 125 518 585 828 810 505 652 486 127 682 433 530 598 199 0 513 574 619 332
390 53 770 371 441 530 373 401 765 467 497 539 813 164 396 288 664 884 211 296 647 403 619 587 534 351 846 74 635 635 210 442 262 582 621 685 564 314 200 609 441 391 432 795 80 594 567 561 219 545 370 222 311 475 207 826 282 439 376 463 448 376 612 84 97 656 577 77 505 212 457 613 534 18 104 508 513 0 461 204 181
208 453 342 140 239 265 539 146 338 379 157 468 513 604 190 327 214 483 262 178 514 68 674 326 92 590 427 517 698 577 347 311 209 125 668 606 264 447 621 197 640 132 388 548 477 652 107 306 246 127 574 400 259 478 254 477 384 541 654 297 689 154 698 381 550 255 242 385 78 249 448 152 210 461 436 407 574 461 0 332 449
361 233 671 303 241 331 506 339 667 503 426 593 787 368 207 85 504 805 191 155 685 295 731 564 380 511 755 223 751 703 280 237 131 457 730 748 366 423 404 516 594 223 482 793 268 705 425 359 172 379 518 327 112 552 147 776 365 553 552 464 616 318 735 131 259 474 385 145 349 146 527 469 477 192 124 545 619 204 332 0 325
300 128 699 321 519 603 192 339 693 315 424 373 682 201 461 409 664 790 198 335 485 382 438 465 538 185 764 249 454 461 104 544 306 549 440 511 628 136 194 544 271 431 275 649 111 412 555 641 223 561 195 65 404 301 231 711 124 257 230 337 291 316 432 201 256 687 631 187 514 237 288 598 445 199 273 352 332 181 449 325 0

2 1.5 0.5
80
5
3 65 26 84 29 70 89 68 87 46 79 84 10 75 48 50 39 50 21 81 99 1 75 88 80 9 3 28 56 7 81 58 69 7 42 95 76 30 63 61 75 41 44 84 14 91 33 50 39 53 31 38 51 5 25 32 11 27 57 67 31 38 25 99 42 65 94 19 94 56 77 69 96 21 52 8 10 84 57 49
717 561 741 687 643 366 524 780 252 1099 662 694 498 977 1028 764 337 967 943 551 434 528 938 1110 779 710 953 961 736 1014 805 769 642 415 907 598 1171 633 561 823 665 413 461 495 563 412 929 818 717 845 1138 1081 1174 736 864 611 794 952 794 517 1162 1069 704 1247 1040 1123 831 861 779 507 723 427 957 576 801 896 656 959 975 1042
2 55 15 7 20 49 11 47 61 15 64 40 3 8 38 40 3 23 20 33 10 1 15 26 74 6 2 23 55 3 24 6 69 5 39 9 6 12 28 31 42 40 15 75 8 82 4 37 28 3 22 14 29 3 19 20 9 23 49 2 10 13 21 60 10 35 68 8 87 26 74 55 83 8 40 2 3 65 56 36
3.7 4.4 3.4 4.8 1.8 3.7 2.1 3.3 4.9 3.5 1.6 1.4 4 3.4 5 1.6 4.7 1.2 1.9 2.3 1.7 4.9 2.8 5 2.8 3.8 4.1 1 1.6 4 4.6 4.5 3.4 3.1 4.3 4.4 1.9 1.3 2.6 1.7 4 3.5 2.3 3.1 1.8 2.3 3.7 1.6 2.5 4.6 2.9 3.4 4.6 4.8 3.4 2.3 3.7 2.4 2.6 4.6 1.5 2.3 4 4.1 4.5 3.4 3.6 1.3 3.9 1.4 2.3 2.8 3.9 3.6 5 4.7 1 3.8 1.4 2.7
688 583 608 761 690
55040 46640 48640 60880 55200
0 325 95 235 441 297 67 92 316 73 455 256 352 392 427 359 336 265 367 485 322 71 378 422 355 334 194 370 278 220 430 194 79 241 260 290 227 476 300 127 389 421 335 112 204 194 128 226 237 383 278 495 361 449 267 482 338 384 420 370 434 471 415 113 462 467 382 74 431 187 435 480 110 279 441 403 259 229 363 326 445
325 0 420 557 249 606 350 401 368 255 780 127 657 525 718 37 613 590 285 531 454 341 657 524 598 649 392 602 231 513 605 471 357 489 577 354 495 467 569 313 711 341 393 322 369 398 444 126 537 479 321 779 326 436 328 715 573 153 737 609 453 796 649 426 778 787 280 331 357 374 441 798 295 347 335 533 155 211 295 476 294
95 420 0 147 528 223 107 53 369 165 361 343 279 387 345 453 285 172 429 522 349 104 323 424 324 242 220 322 359 149 403 143 112 224 167 326 198 508 238 187 300 493 364 153 242 195 49 316 178 414 340 432 413 486 308 447 315 477 334 319 482 376 384 69 369 379 446 115 501 200 467 393 180 316 516 397 350 313 422 322 527
235 557 147 0 628 90 211 191 419 308 227 490 142 486 316 592 184 45 574 535 361 251 210 529 252 182 259 372 454 201 476 229 208 198 134 460 164 636 277 276 154 565 494 298 291 318 155 460 95 425 406 300 554 617 446 355 255 592 186 363 516 258 303 133 284 232 591 263 569 330 596 246 282 451 592 495 465 417 566 428 615
441 249 528 628 0 643 425 533 263 396 853 363 682 748 868 263 609 671 533 359 368 491 647 755 562 770 385 790 174 660 817 629 425 483 695 583 505 714 735 352 766 140 627 495 352 586 569 344 571 358 243 762 572 683 555 651 534 96 779 794 283 886 596 499 895 831 529 484 153 566 687 835 351 574 116 757 185 214 542 691 57
297 606 223 90 643 0 256 272 409 369 222 553 56 576 385 642 104 112 652 497 332 327 122 620 181 249 258 459 470 291 566 319 248 170 217 545 141 724 364 303 126 561 581 376 292 405 241 521 72 391 406 211 636 704 530 270 192 620 136 450 491 271 225 184 325 188 669 338 563 416 683 194 315 536 591 586 495 441 646 518 622
67 350 107 211 425 256 0 134 264 122 439 302 309 457 453 386 279 250 429 426 258 135 322 488 291 345 129 419 254 255 488 239 12 175 271 358 165 543 341 79 362 386 403 179 143 258 155 268 189 321 232 442 426 517 334 418 273 382 387 418 380 464 350 78 469 437 443 140 393 252 503 447 74 347 409 467 254 211 426 390 421
92 401 53 191 533 272 134 0 398 147 390 312 328 336 335 432 338 208 382 560 389 63 375 372 377 249 259 285 371 127 358 105 143 274 176 274 249 456 209 210 338 512 311 106 277 142 44 288 231 453 364 483 363 433 257 500 366 473 376 284 514 398 437 120 377 418 400 75 521 147 414 434 197 264 533 346 350 322 375 271 537
316 368 369 419 263 409 264 398 0 317 630 412 439 702 709 402 356 465 587 180 105 386 391 725 301 589 160 683 138 519 746 504 257 239 520 570 268 742 606 189 536 154 618 416 130 507 418 377 342 111 50 501 605 712 542 388 273 286 540 682 118 673 332 314 703 591 592 386 154 496 706 592 207 559 185 712 213 162 590 636 226
73 255 165 308 396 369 122 147 317 0 527 184 424 385 478 288 401 337 309 495 347 95 444 407 412 396 229 395 248 268 437 233 133 296 323 256 287 436 339 144 462 399 303 103 228 198 190 153 307 401 272 563 310 408 229 538 393 329 493 398 435 540 470 184 525 540 321 88 410 182 397 553 119 245 414 395 211 196 307 321 408
455 780 361 227 853 222 439 390 630 527 0 702 208 592 279 814 305 190 757 715 554 454 295 640 386 190 474 431 679 327 546 374 435 392 232 624 362 778 352 503 97 781 646 493 508 479 346 676 287 612 624 292 727 765 618 431 403 820 117 417 713 65 411 361 159 96 776 466 783 498 741 118 509 618 810 599 692 644 747 550 837
256 127 343 490 363 553 302 312 412 184 702 0 608 397 607 142 581 516 179 590 477 248 625 397 583 553 384 480 291 409 477 363 312 468 484 226 464 354 455 295 643 429 267 216 371 279 356 37 490 517 362 745 210 322 200 707 561 270 676 487 516 709 639 368 680 722 182 237 444 255 324 736 271 219 430 405 216 251 185 348 399
352 657 279 142 682 56 309 328 439 424 208 608 0 627 412 694 96 154 709 508 353 383 92 671 177 279 297 502 511 340 612 371 301 200 259 601 177 779 408 350 112 593 635 433 330 460 296 575 120 407 442 158 692 758 585 240 195 665 102 493 511 266 207 239 335 152 725 395 593 471 738 153 364 592 623 636 542 486 702 570 658
392 525 387 486 748 576 457 336 702 385 592 397 627 0 357 536 662 475 294 876 715 321 694 48 710 402 586 175 627 287 93 257 468 610 378 171 585 206 239 517 590 779 141 285 597 198 347 407 555 775 658 784 242 206 196 830 702 661 636 189 820 561 769 456 483 661 313 319 791 206 179 682 496 178 790 10 573 576 279 66 774
427 718 345 316 868 385 453 335 709 478 279 607 412 357 0 744 489 277 596 845 669 383 502 404 565 136 551 182 703 209 289 247 457 512 190 450 478 561 153 533 324 839 454 396 579 331 300 595 412 735 684 547 552 557 456 652 571 807 368 168 817 228 610 395 134 370 617 391 846 355 530 393 526 448 862 361 685 656 583 337 871
359 37 453 592 263 642 386 432 402 288 814 142 694 536 744 0 651 624 280 562 490 371 694 532 635 680 429 622 264 541 618 497 393 527 608 364 532 463 594 350 746 366 400 348 407 420 476 149 574 513 356 817 325 432 340 752 610 167 773 630 482 828 686 461 808 822 273 360 381 396 440 833 332 358 357 543 190 247 291 490 312
336 613 285 184 609 104 279 338 356 401 305 581 96 662 489 651 0 215 703 413 263 383 43 703 81 353 230 557 443 383 659 404 269 128 318 610 118 794 461 300 208 509 650 433 261 479 315 547 107 314 365 165 693 771 591 170 99 601 196 548 419 362 120 227 425 244 718 393 508 485 753 240 319 600 541 671 484 425 698 600 580
265 590 172 45 671 112 250 208 465 337 190 516 154 475 277 624 215 0 588 580 406 271 234 520 288 141 304 349 496 188 458 224 247 243 105 466 209 637 254 318 130 610 496 314 337 321 167 488 137 470 451 310 564 619 455 383 294 632 170 339 562 215 336 172 238 210 606 283 614 336 597 227 322 458 637 484 504 458 579 421 659
367 285 429 574 533 652 429 382 587 309 757 179 709 294 596 280 703 588 0 766 642 325 744 275 720 582 535 432 470 433 387 385 441 604 525 145 593 182 445 446 718 608 154 276 529 280 421 211 601 688 537 859 53 152 141 847 702 437 757 444 694 749 779 476 697 797 20 314 623 259 161 815 422 147 609 299 396 428 14 272 574
485 531 522 535 359 497 426 560 180 495 715 590 508 876 845 562 413 580 766 0 176 556 434 902 335 716 302 844 302 671 915 664 417 336 655 750 370 923 760 359 618 219 798 591 283 679 572 555 444 110 229 516 785 893 722 364 314 419 609 841 80 768 335 458 816 656 771 558 205 670 886 650 380 739 245 887 381 338 770 810 304
322 454 349 361 368 332 258 389 105 347 554 477 353 715 669 490 263 406 642 176 0 393 295 744 200 541 130 671 232 496 746 491 248 164 479 603 198 783 585 203 457 251 650 433 119 516 398 440 273 65 138 400 653 755 576 283 173 388 456 668 158 603 227 283 644 506 651 396 248 509 744 504 227 592 284 725 300 242 643 648 330
71 341 104 251 491 327 135 63 386 95 454 248 383 321 383 371 383 271 325 556 393 0 422 352 412 308 264 305 337 174 360 138 147 301 237 229 282 415 244 197 400 484 272 50 275 123 107 225 278 454 346 534 310 390 209 538 398 424 437 307 504 460 472 156 436 480 342 12 495 117 374 496 179 219 502 332 306 286 318 255 500
378 657 323 210 647 122 322 375 391 444 295 625 92 694 502 694 43 234 744 434 295 422 0 736 98 367 272 581 484 411 687 436 312 170 339 649 162 831 486 344 201 544 687 473 302 515 350 590 144 341 404 122 733 809 631 150 123 643 180 572 447 355 116 268 427 223 759 433 542 522 790 216 362 639 576 703 526 467 739 633 617
422 524 424 529 755 620 488 372 725 407 640 397 671 48 404 532 703 520 275 902 744 352 736 0 749 449 616 221 644 332 129 300 499 646 424 172 622 163 287 544 636 795 131 312 625 231 387 411 596 803 680 829 222 168 200 870 739 666 682 236 843 609 808 492 531 708 293 347 808 235 141 730 522 180 804 42 585 593 260 102 784
355 598 324 252 562 181 291 377 301 412 386 583 177 710 565 635 81 288 720 335 200 412 98 749 0 429 205 619 406 441 716 456 279 116 386 642 129 827 524 290 289 452 684 461 230 520 362 547 161 243 319 200 716 802 620 127 27 566 275 612 349 443 60 258 505 321 733 420 448 522 786 314 312 631 484 720 457 397 717 646 527
334 649 242 182 770 249 345 249 589 396 190 553 279 402 136 680 353 141 582 716 541 308 367 449 429 0 428 244 599 149 360 198 346 380 74 443 346 590 162 422 202 726 461 337 458 302 206 533 277 605 568 421 547 578 441 518 435 718 249 232 692 167 474 277 128 263 602 319 732 324 553 286 419 438 751 409 592 555 571 361 766
194 392 220 259 385 258 129 259 160 229 474 384 297 586 551 429 230 304 535 302 130 264 272 616 205 428 0 542 215 369 616 362 118 101 361 481 119 664 458 89 383 306 527 306 33 387 269 347 187 194 149 393 539 636 455 325 181 371 394 539 266 514 258 158 542 446 546 268 310 381 624 449 113 470 335 596 255 195 534 519 364
370 602 322 372 790 459 419 285 683 395 431 480 502 175 182 622 557 349 432 844 671 305 581 221 619 244 542 0 642 179 116 180 428 536 243 288 506 380 95 494 444 790 282 295 561 206 273 476 457 736 648 655 384 376 300 727 616 715 491 14 800 393 673 389 310 508 453 309 800 228 349 531 480 288 808 179 606 591 418 162 804
278 231 359 454 174 470 254 371 138 248 679 291 511 627 703 264 443 496 470 302 232 337 484 644 406 599 215 642 0 498 685 472 253 316 525 478 334 637 578 178 592 151 525 352 183 446 402 259 398 249 94 603 495 606 449 510 379 160 607 644 226 712 448 326 723 658 473 333 164 430 603 664 179 467 165 637 78 51 475 565 167
220 513 149 201 660 291 255 127 519 268 327 409 340 287 209 541 383 188 433 671 496 174 411 332 441 149 369 179 498 0 276 48 261 357 97 297 327 455 89 334 307 638 319 192 392 153 100 392 280 561 487 497 399 440 292 553 438 597 352 173 632 316 497 213 272 382 453 183 647 174 416 403 323 290 660 296 476 449 422 233 665
430 605 403 476 817 566 488 358 746 437 546 477 612 93 289 618 659 458 387 915 746 360 687 129 716 360 616 116 685 276 0 261 498 625 353 257 597 292 204 557 559 836 233 334 632 239 357 483 556 810 705 767 335 296 279 830 711 734 606 129 864 508 773 473 422 624 406 360 848 255 270 647 539 262 850 91 637 633 372 128 839
194 471 143 229 629 319 239 105 504 233 374 363 371 257 247 497 404 224 385 664 491 138 436 300 456 198 362 180 472 48 261 0 247 364 142 250 335 414 106 315 348 616 275 148 381 105 96 348 298 556 469 529 352 397 244 573 450 562 392 178 620 364 514 212 319 424 405 145 625 126 374 444 302 243 635 267 444 421 374 198 637
79 357 112 208 425 248 12 143 257 133 435 312 301 468 457 393 269 247 441 417 248 147 312 499 279 346 118 428 253 261 498 247 0 163 274 370 153 555 348 76 357 382 415 191 134 269 161 278 181 311 227 432 438 529 346 406 261 384 381 426 372 462 338 74 470 431 454 152 389 264 515 441 75 359 405 478 257 211 438 401 419
241 489 224 198 483 170 175 274 239 296 392 468 200 610 512 527 128 243 604 336 164 301 170 646 116 380 101 536 316 357 625 364 163 0 323 530 34 716 445 177 296 393 573 350 133 415 267 432 108 227 241 292 602 690 507 242 97 473 301 531 322 439 174 154 480 352 617 309 393 415 675 354 198 519 423 620 356 297 602 545 458
260 577 167 134 695 217 271 176 520 323 232 484 259 378 190 608 318 105 525 655 479 237 339 424 386 74 361 243 525 97 353 142 274 323 0 393 289 552 149 350 212 654 416 269 390 247 133 462 227 544 497 413 494 537 386 487 389 643 257 233 627 226 437 206 202 285 545 248 661 266 513 306 346 386 679 386 517 481 515 328 693
290 354 326 460 583 545 358 274 570 256 624 226 601 171 450 364 610 466 145 750 603 229 649 172 642 443 481 288 478 297 257 250 370 530 393 0 512 185 300 399 595 627 47 180 483 146 305 239 504 657 523 756 104 160 29 768 627 494 637 299 686 611 702 385 554 673 166 221 641 130 144 692 376 11 636 179 416 428 132 132 614
227 495 198 164 505 141 165 249 268 287 362 464 177 585 478 532 118 209 593 370 198 282 162 622 129 346 119 506 334 327 597 335 153 34 289 512 0 697 414 182 268 420 554 332 152 392 239 429 75 261 266 284 588 673 491 255 117 489 275 500 355 407 189 130 446 327 607 291 421 394 657 330 200 502 450 595 368 311 590 520 482
