1 1.5 0.5
200
8
28 84 67 2 70 50 32 38 18 23 57 40 42 63 59 64 12 2 54 36 41 70 8 60 19 24 54 25 3 7 14 30 89 78 30 57 28 61 94 44 82 51 81 22 12 39 83 21 40 37 57 80 5 62 40 22 85 93 46 88 97 57 16 86 34 45 43 61 5 35 3 84 84 84 6 93 23 88 15 62 24 69 42 28 29 81 49 13 72 93 1 69 48 14 54 81 57 94 41 59 30 43 43 12 27 46 5 49 32 17 9 55 85 48 83 13 27 30 25 98 21 23 66 69 36 20 50 90 14 90 49 41 34 91 52 58 35 55 6 67 71 14 22 55 62 3 67 88 31 89 85 51 12 51 20 47 70 68 36 83 58 84 25 89 74 74 48 9 29 53 75 98 64 95 51 24 97 16 13 26 5 95 77 16 46 94 60 14 60 95 96 19 78 19 6 50 91 51 56 20
1264 1031 763 1098 472 764 598 732 962 1181 731 1374 1241 988 916 1530 1399 440 1326 1222 988 988 1041 860 1309 1285 821 904 923 259 1302 683 1044 1114 1162 1619 729 1263 1276 1419 1394 1601 1184 1319 1338 1177 737 920 1138 918 1232 607 1293 1187 1322 1237 1112 630 1357 740 1599 537 1181 1483 606 1177 758 540 1507 1345 635 696 1303 1135 1336 887 147 516 684 391 593 981 747 579 1028 486 1433 417 791 1606 1121 1306 1214 596 902 1463 814 1252 746 815 1104 1076 1312 875 993 1632 1162 1545 853 1070 1368 1006 1448 1197 850 511 552 850 1599 661 727 551 635 1010 1497 1161 1493 1169 973 1087 1288 882 559 560 1294 1268 1332 1235 621 570 499 1504 1392 943 523 1165 1265 1110 946 908 1152 983 857 1120 839 623 847 1000 1586 825 1160 1351 1238 620 839 1225 1173 466 552 1291 1370 1143 662 708 543 1109 677 1223 1214 1025 630 1404 802 1002 1140 677 498 1353 1075 1054 401 971 955 1014 1070 1157 1424 926 992 932
15 12 17 2 11 19 1 31 18 9 16 39 28 12 40 1 3 2 15 21 5 8 2 37 14 4 41 1 1 2 12 20 54 2 17 46 13 30 57 30 12 42 14 2 5 12 28 9 31 2 45 34 2 41 30 9 29 30 41 3 96 42 5 62 19 43 27 5 4 19 1 60 27 65 5 65 20 78 2 61 6 29 4 19 14 8 16 11 49 71 1 19 1 9 19 7 33 14 24 22 26 15 29 2 25 16 2 10 14 17 9 3 10 6 13 12 17 17 22 13 9 1 17 51 28 3 16 67 9 81 14 10 4 54 3 21 33 48 4 12 45 6 12 3 16 2 64 62 2 72 12 43 1 1 9 41 1 8 16 32 53 63 1 62 55 44 1 8 13 53 17 52 57 82 14 16 89 14 4 24 2 88 28 10 18 89 2 14 38 23 2 16 39 14 6 49 23 16 7 15
3.2 4.4 1.4 2.3 3.7 1.8 3.2 4.4 2.5 1.7 2.9 3.9 2.9 1.5 2.5 4.7 4.7 1.8 1.5 2.9 2.3 3.8 1.1 3.1 4.7 3.9 3.3 3.7 3.4 4.2 3.4 1.6 3.8 4 2.9 2.6 5 1.2 2 2.4 1.9 3.9 1.2 3.8 4.6 3 3.6 4.4 3.8 4.1 2.4 1.2 3.1 2.6 3.5 2.7 1.6 1.7 1.5 4 1.1 4.1 4.8 3.9 3 2.8 1.4 3 3 2.6 4.6 4.1 1.6 4.9 3 1.3 3 1.5 4.7 1.9 4.9 2.1 2.1 2.9 3.9 4.7 4.8 4.5 1.5 1.2 3.6 1.8 4.5 3.4 4.7 2.4 1.1 1.3 4.6 3.4 3.1 4.2 2.4 3.8 4.2 4.7 4.3 2.3 1.1 4 3.2 1.1 1.2 4.3 3 4.3 4.1 2.9 3.9 4.9 3.1 2.4 1.6 2.5 5 1.5 4.2 1.3 2 3.9 3.7 4.1 3 1.2 3 2.3 1 2.3 3.6 1.4 1.4 1.9 1.5 1.8 1.4 3.8 1 4.5 1.6 3.9 4.5 4 1.4 1.1 1.6 1.4 1.8 4.8 1.7 2.8 3.7 4.6 2 1.8 5 4.3 3.4 1 1.7 2.1 1.4 2.3 3.1 2.1 3.1 3.5 4.9 3.3 3.1 1.7 2.1 2.8 4.7 2.5 2.9 1.2 3.1 3.9 1.2 4 1.8 4.1 3.7 3 1 3.7 2.2 3.4 3.9 3.1
676 758 787 788 917 852 819 699
135200 151600 157400 157600 183400 170400 163800 139800
0 441 499 443 318 358 285 273 214 502 528 343 590 241 169 456 475 451 316 230 333 293 383 613 462 426 474 495 624 505 196 301 416 276 693 474 497 281 216 145 525 346 482 41 490 510 280 556 464 319 439 166 150 435 483 270 475 570 408 310 119 596 417 259 512 164 676 221 295 537 338 350 215 603 442 324 521 66 364 465 319 192 603 401 394 375 186 306 352 407 478 445 508 128 176 89 308 288 307 196 292 534 420 270 657 455 563 710 475 363 263 531 117 405 517 148 267 406 134 744 250 167 340 533 85 570 458 412 589 428 412 155 433 271 166 513 602 282 186 200 373 149 507 455 717 427 503 417 321 656 572 518 552 687 548 392 485 186 571 565 215 366 339 438 365 397 482 414 206 478 548 455 297 329 480 202 399 494 491 481 285 530 399 395 386 346 453 293 561 186 425 236 454 477 407 458 224 590 186 642 152
441 0 138 787 692 452 699 194 228 124 787 482 727 579 358 809 378 798 378 211 682 348 222 1003 177 838 805 859 1031 508 602 523 696 685 1101 869 909 711 643 587 549 105 41 404 911 766 548 759 672 497 866 579 496 771 846 271 911 827 836 146 362 985 108 698 839 508 1101 662 233 871 500 749 366 882 642 652 936 437 593 496 707 251 259 814 413 251 617 681 426 809 761 643 853 560 431 402 637 210 702 617 585 201 856 579 1048 643 265 1124 899 242 596 827 536 459 921 578 669 642 421 1151 658 608 729 624 496 921 581 853 927 282 423 569 326 541 286 777 1012 254 434 286 524 406 191 896 1120 802 684 458 638 693 515 185 993 720 769 530 906 349 855 639 577 778 731 872 80 738 921 692 326 918 619 620 731 502 41 571 230 922 784 702 672 940 548 796 798 534 196 634 872 257 623 408 425 895 797 802 659 887 589 1036 565
499 138 0 773 696 400 776 226 303 19 743 606 859 675 457 909 516 785 504 284 678 472 358 1094 69 854 785 850 1115 645 681 637 666 705 1185 874 989 744 677 641 686 220 138 467 986 885 532 884 795 616 937 609 585 755 944 262 944 946 863 192 396 1076 82 742 945 598 1174 719 355 850 622 833 362 840 765 642 1015 476 557 631 794 328 125 893 546 386 684 686 554 893 874 593 836 602 530 438 630 216 715 648 571 63 891 571 1138 590 127 1204 972 190 594 939 607 392 1005 645 750 760 441 1235 681 663 817 758 568 904 711 897 1032 420 557 643 237 527 369 894 1094 374 535 385 475 501 57 942 1206 800 811 591 626 831 654 47 1048 858 892 476 925 359 971 774 588 796 741 903 196 839 980 662 432 974 754 747 797 464 146 584 368 947 753 653 758 1021 674 880 877 495 334 631 841 333 575 520 562 912 802 904 723 851 614 1125 640
443 787 773 0 129 392 515 593 600 786 168 775 991 606 612 718 918 13 760 608 111 737 808 765 709 184 36 80 729 946 503 715 130 201 780 145 627 260 274 382 961 723 825 479 593 856 241 929 850 745 542 286 556 19 721 519 327 904 251 642 445 754 711 317 791 563 704 391 721 93 765 578 421 188 836 134 633 397 231 904 583 590 825 570 837 807 440 140 793 601 809 248 67 338 612 416 150 578 161 272 203 773 307 207 793 261 764 771 572 583 194 839 467 425 661 447 534 788 377 820 218 381 591 954 478 135 879 363 835 862 855 482 573 247 584 853 704 713 621 631 325 590 748 393 812 71 895 858 148 1082 1014 765 508 1113 911 334 244 438 881 988 231 179 137 295 732 694 488 134 648 473 973 862 451 317 827 242 826 285 101 215 568 657 821 597 567 291 868 157 126 584 251 676 897 225 110 732 430 161 262 776 483
318 692 696 129 0 352 397 498 490 707 263 646 862 478 487 603 794 134 634 500 45 612 692 673 637 165 164 177 646 817 377 586 170 82 703 178 534 152 148 253 832 619 732 355 504 733 179 803 722 616 449 157 427 126 610 434 290 782 201 546 336 660 626 204 676 434 640 271 604 221 636 464 334 309 708 81 544 278 217 775 464 477 764 466 710 688 315 11 665 494 687 272 190 209 484 302 82 488 46 144 143 705 251 131 705 287 707 701 483 511 103 720 338 395 566 319 412 661 271 747 92 255 474 825 349 252 750 293 726 742 728 353 522 180 467 730 620 594 493 511 301 463 679 332 735 112 767 730 98 953 887 695 454 983 786 316 239 343 763 859 115 118 51 249 631 574 417 170 524 403 844 733 340 276 733 124 709 270 205 267 447 566 691 488 460 260 755 71 254 471 265 549 771 222 106 616 309 288 134 688 355
358 452 400 392 352 0 613 287 352 416 343 664 929 599 463 805 711 405 598 347 319 565 560 938 332 516 397 472 932 793 540 644 272 396 997 516 807 458 406 437 823 427 485 361 788 867 173 908 814 651 732 345 507 373 827 194 637 928 549 327 255 922 355 484 866 521 954 505 491 458 667 685 154 440 789 278 825 293 163 759 662 358 435 718 673 572 505 345 648 734 836 193 450 374 510 270 271 254 387 376 209 389 593 222 978 191 373 1004 769 214 253 889 464 50 833 480 606 759 224 1046 379 455 681 856 441 516 786 622 939 628 691 500 181 173 381 871 907 494 520 433 75 475 366 665 1026 435 849 709 260 967 839 383 785 999 902 78 590 191 929 884 278 468 403 596 425 751 734 268 475 723 865 795 593 76 489 282 578 622 356 253 631 841 730 724 706 101 594 281 444 356 175 549 720 573 449 810 529 451 335 961 499
285 699 776 515 397 613 0 553 476 777 660 376 508 162 349 207 592 515 428 495 437 428 573 329 745 389 551 524 339 549 96 294 559 316 409 459 212 255 251 177 547 596 738 310 211 347 480 428 364 338 168 283 208 517 220 555 342 390 328 584 403 313 694 197 278 199 401 126 499 594 355 72 491 702 360 456 238 332 560 507 68 451 886 116 481 553 107 390 429 122 298 636 559 241 287 367 445 572 356 268 470 816 300 445 372 650 848 428 200 648 419 324 170 663 231 138 39 307 397 459 306 161 77 504 208 600 436 251 336 589 494 132 715 473 413 342 317 478 289 418 605 300 790 276 432 461 411 476 464 630 630 799 324 657 407 624 407 467 366 538 368 351 377 325 619 180 248 559 389 252 528 398 77 563 734 357 585 390 602 650 66 245 387 112 101 568 652 425 640 446 622 342 539 411 423 219 90 676 303 357 136
273 194 226 593 498 287 553 0 98 229 604 441 709 464 257 697 434 605 352 83 488 317 276 874 193 647 612 665 892 533 458 450 507 494 962 676 765 525 458 415 568 140 234 242 761 697 357 713 619 440 711 391 369 578 729 92 726 760 648 48 174 857 144 519 740 383 949 493 218 679 451 612 174 697 591 459 791 253 408 506 574 120 334 669 417 291 458 487 405 671 679 467 660 379 327 216 444 38 509 430 392 263 672 385 919 469 300 980 747 131 402 742 383 309 783 420 528 575 229 1012 468 438 597 619 344 728 559 675 825 345 432 420 230 350 161 705 870 228 334 195 352 294 237 719 984 608 644 458 445 717 568 246 823 747 716 361 716 155 777 643 384 587 538 686 143 629 754 504 246 749 623 582 571 322 235 378 293 733 596 523 539 798 511 658 654 353 306 440 682 122 446 335 454 704 603 694 497 700 400 905 416
214 228 303 600 490 352 476 98 0 302 637 343 611 373 159 606 359 610 257 19 490 222 216 790 284 625 624 665 812 445 379 352 533 471 882 663 688 489 422 359 478 133 268 176 687 599 379 614 520 341 640 361 281 587 640 168 687 662 615 112 154 772 221 472 646 294 877 433 139 691 352 531 210 726 492 467 714 219 445 415 490 24 421 592 327 223 390 479 310 590 582 513 668 336 231 189 451 135 493 397 409 350 632 396 835 518 393 904 674 229 406 646 310 383 703 350 448 477 222 933 444 380 513 524 270 735 462 626 732 280 343 344 326 370 66 607 792 142 237 97 406 199 326 669 903 603 545 366 456 626 487 332 765 656 617 419 689 177 680 549 375 564 524 649 151 538 693 529 147 690 529 484 504 369 266 366 234 702 619 565 455 720 413 577 576 398 268 443 702 29 492 236 370 679 592 602 431 724 375 822 340
502 124 19 786 707 416 777 229 302 0 759 597 848 673 453 906 502 798 494 283 690 463 345 1092 87 864 799 863 1115 632 681 631 680 714 1185 885 990 751 684 645 673 211 120 469 987 878 545 876 787 609 939 617 583 768 941 272 952 939 871 193 402 1075 85 748 941 596 1176 723 346 864 614 833 372 856 757 655 1016 482 572 619 793 327 135 894 535 373 686 697 544 893 868 609 850 608 527 444 642 223 725 655 583 79 899 583 1137 606 144 1205 974 204 605 934 609 409 1005 647 751 753 449 1235 689 667 816 746 569 918 701 903 1028 406 545 645 255 539 368 887 1094 366 531 381 491 498 76 948 1206 811 801 579 639 817 639 65 1052 844 884 493 935 367 965 762 597 805 751 911 187 836 984 676 427 979 742 738 799 479 129 593 354 955 768 669 758 1022 665 880 878 510 318 643 856 332 591 514 549 921 813 900 726 866 622 1124 641
528 787 743 168 263 343 660 604 637 759 0 871 1107 727 688 866 983 176 838 640 222 810 853 929 675 353 139 223 895 1032 632 822 111 344 947 306 790 412 409 506 1053 743 822 556 758 990 260 1056 971 846 705 397 662 156 873 516 495 1042 420 649 492 917 695 467 938 672 873 533 771 161 865 727 432 96 954 211 798 469 195 992 726 633 771 727 917 858 573 269 878 756 946 152 177 451 704 475 225 579 306 397 237 730 475 257 958 158 708 940 737 556 266 982 582 358 823 571 673 910 425 988 353 511 737 1059 583 219 984 531 989 915 935 604 518 269 638 989 870 767 714 690 268 677 708 561 980 240 1014 943 209 1184 1094 725 676 1215 1041 267 409 461 1024 1092 319 344 292 463 747 836 656 114 717 641 1075 974 603 284 825 332 871 451 66 93 707 821 925 751 722 253 902 244 119 628 168 763 974 390 279 879 571 113 373 941 605
343 482 606 775 646 664 376 441 343 597 871 0 269 214 201 377 225 781 104 358 668 134 277 583 609 713 808 815 633 178 311 83 760 585 698 775 534 558 512 403 186 386 509 319 553 286 622 278 189 38 529 489 221 769 417 505 706 345 669 440 411 566 534 510 382 217 732 433 251 867 23 384 510 944 159 665 563 406 705 134 339 325 731 456 112 248 370 635 66 434 289 784 836 437 167 410 649 478 623 505 636 664 657 614 627 793 718 730 550 572 606 355 313 704 532 344 337 166 462 743 562 412 356 192 297 893 122 619 469 257 122 312 669 613 290 298 620 232 156 246 699 196 644 649 708 746 205 100 663 312 256 646 698 344 286 716 753 473 379 222 555 660 654 681 410 308 622 757 196 627 205 142 446 656 502 542 279 746 832 823 316 555 70 422 441 678 347 633 898 325 764 115 165 752 718 362 403 929 513 619 309
590 727 859 991 862 929 508 709 611 848 1107 269 0 385 468 383 378 994 359 626 892 394 506 556 869 893 1026 1016 626 240 488 289 997 790 675 961 572 746 716 609 200 640 747 575 606 195 870 106 143 278 607 711 446 988 416 774 847 208 835 705 674 544 793 690 337 435 743 610 507 1079 263 475 775 1170 154 897 597 657 955 235 444 594 983 533 313 476 553 853 307 498 242 1036 1045 657 420 667 882 746 831 718 879 919 807 855 591 1046 976 715 613 840 842 275 526 971 554 543 475 203 719 709 772 609 449 107 525 1095 150 755 395 458 304 509 938 861 560 209 624 490 410 515 959 455 902 773 672 949 96 269 897 153 289 902 781 169 136 977 915 739 265 109 788 848 858 833 663 349 714 995 465 724 122 135 585 915 739 775 501 897 1061 1070 442 579 200 491 522 935 558 864 1117 594 1016 382 313 919 915 361 572 1151 736 590 507
241 579 675 606 478 599 162 464 373 673 727 214 385 0 221 233 430 609 270 392 509 274 426 423 656 515 641 632 456 390 106 133 618 405 525 581 341 364 331 224 390 474 615 244 353 271 504 329 244 176 322 330 96 604 268 492 494 330 465 485 352 405 594 311 278 82 541 230 360 694 194 181 454 786 230 516 370 306 589 347 136 348 794 254 319 403 170 468 267 238 237 670 660 276 148 329 502 491 446 334 506 723 447 482 469 682 764 552 347 579 464 291 146 646 348 158 123 183 375 574 387 224 157 359 158 711 286 406 361 434 332 124 661 496 306 273 439 339 146 294 611 174 699 435 542 565 289 314 519 487 470 705 486 516 316 630 547 422 330 393 410 467 474 472 499 165 410 617 255 414 381 259 232 567 610 397 435 537 678 697 106 369 232 226 237 580 505 483 732 344 652 189 377 548 532 230 196 766 354 457 122
169 358 457 612 487 463 349 257 159 453 688 201 468 221 0 453 306 620 150 178 501 124 232 644 443 588 642 664 674 344 254 194 577 442 743 640 553 436 376 283 368 253 395 134 558 440 432 460 365 191 518 334 140 603 489 309 618 503 561 270 211 626 376 403 488 151 749 342 151 706 205 393 308 767 338 490 581 220 512 306 349 137 577 460 228 218 285 476 191 452 423 589 677 289 73 215 474 290 474 360 451 507 564 431 689 598 552 768 549 383 428 486 205 503 564 247 315 318 267 793 416 300 372 393 169 739 323 543 575 265 246 228 477 422 96 447 655 132 78 72 500 49 484 582 762 596 394 256 485 508 405 489 662 539 460 516 641 271 520 422 382 529 506 585 277 383 587 574 43 586 403 336 394 457 390 370 246 645 656 632 315 583 268 439 443 480 309 460 729 134 569 86 286 636 575 447 328 757 355 677 224
456 809 909 718 603 805 207 697 606 906 866 377 383 233 453 0 600 717 466 625 644 482 638 206 889 576 754 720 261 513 265 304 767 522 322 647 189 457 459 379 494 704 844 469 223 189 684 282 261 344 233 488 328 722 40 720 496 209 508 719 574 190 828 401 73 313 370 334 583 793 353 139 671 906 274 664 214 514 765 477 146 582 1027 166 488 611 307 597 443 129 140 842 758 443 379 545 653 723 561 475 675 957 467 650 250 856 997 357 232 809 626 132 342 855 173 326 202 230 583 367 514 366 130 421 370 793 374 407 133 630 495 305 888 677 540 178 252 561 375 525 805 408 932 413 331 660 300 466 671 529 591 939 401 550 254 824 578 642 170 450 573 547 580 492 729 71 339 766 483 352 448 320 267 762 838 562 644 552 807 857 174 198 349 127 161 770 714 633 841 578 827 405 535 587 620 21 297 878 509 242 306
475 378 516 918 794 711 592 434 359 502 983 225 378 430 306 600 0 926 169 364 806 183 164 807 544 891 947 970 858 139 514 306 874 748 922 945 759 736 680 580 181 317 388 439 777 483 723 441 377 262 751 640 405 908 641 522 905 532 857 410 491 790 466 697 598 407 958 627 220 1011 249 607 568 1067 350 793 788 522 797 146 561 356 636 680 113 143 564 782 164 658 499 869 983 595 327 509 776 472 781 666 747 579 854 730 850 875 642 956 774 556 730 561 493 740 757 532 553 377 557 967 722 594 580 271 464 1046 257 823 683 96 104 504 656 714 344 496 846 218 320 293 765 337 567 857 932 903 368 136 786 317 138 563 916 342 460 778 940 533 577 276 687 833 813 876 334 533 840 871 270 844 258 311 656 727 380 675 151 939 956 918 536 781 256 646 664 755 188 764 1032 360 848 260 70 936 881 585 603 1059 661 843 500
451 798 785 13 134 405 515 605 610 798 176 781 994 609 620 717 926 0 767 618 120 744 818 761 721 177 39 67 724 952 506 720 143 204 774 134 623 260 277 385 967 734 837 487 589 858 253 931 853 750 538 292 561 32 719 531 318 905 245 653 455 750 723 317 790 568 697 392 731 86 770 578 432 189 839 145 629 406 244 910 583 599 838 568 844 816 443 145 800 600 811 260 57 344 618 425 161 589 163 277 215 786 300 219 788 274 777 765 568 596 204 839 472 438 657 451 535 792 387 814 222 384 591 959 483 124 884 358 834 871 862 485 586 259 593 854 699 722 628 639 338 597 761 386 806 64 898 864 160 1087 1021 777 500 1117 913 347 234 450 881 993 239 175 138 287 743 695 483 146 656 467 978 866 450 330 839 250 835 275 109 226 570 653 825 596 565 304 878 167 124 594 264 683 905 215 105 732 431 161 268 771 487
316 378 504 760 634 598 428 352 257 494 838 104 359 270 150 466 169 767 0 270 650 35 174 672 510 723 791 809 716 196 347 162 727 583 783 779 608 568 514 412 224 283 404 283 622 391 581 381 294 125 592 478 236 752 507 425 736 450 689 346 355 654 434 528 480 238 808 458 149 853 124 450 446 917 264 640 637 370 660 160 405 244 629 523 78 146 395 622 53 505 391 737 824 430 158 364 623 390 618 501 601 563 684 581 717 744 618 813 617 483 578 457 324 634 610 363 390 269 415 830 558 425 424 267 296 885 210 655 568 165 96 335 583 572 217 402 701 131 151 166 642 171 544 689 795 740 307 110 635 369 255 545 753 400 390 657 771 409 483 291 531 666 649 707 307 396 676 724 124 679 271 243 490 601 397 519 178 770 806 781 376 633 170 493 507 626 248 609 878 245 716 91 137 768 717 454 435 906 500 707 331
230 211 284 608 500 347 495 83 19 283 640 358 626 392 178 625 364 618 270 0 498 235 216 809 265 637 631 674 831 455 398 369 537 483 901 674 707 503 436 376 489 120 252 193 706 617 383 631 537 358 659 374 300 594 660 159 701 679 629 93 163 792 202 488 665 313 895 450 144 698 368 550 209 730 508 474 733 231 446 426 510 43 401 611 337 225 408 489 323 609 601 513 675 351 250 200 458 120 504 410 414 331 647 402 854 517 374 922 693 214 413 664 328 375 722 368 467 494 230 952 456 397 532 537 288 742 476 642 751 282 353 363 312 374 85 625 811 150 256 113 403 218 307 685 922 612 561 378 462 637 494 313 782 667 634 415 702 179 698 561 384 576 534 663 136 557 711 533 163 707 541 499 522 368 250 376 234 715 624 566 474 739 428 596 595 398 263 451 707 48 492 253 378 692 602 621 449 728 387 841 359
333 682 678 111 45 319 437 488 490 690 222 668 892 509 501 644 806 120 650 498 0 626 697 717 617 199 141 177 691 837 411 612 126 125 748 199 578 196 186 285 854 615 722 367 549 768 150 836 753 640 494 181 452 102 652 419 330 819 243 536 335 705 611 247 716 460 685 310 610 204 659 505 319 278 738 41 589 285 176 796 503 479 740 509 727 695 350 48 684 537 724 227 178 235 504 305 49 476 91 176 111 684 294 106 750 243 681 746 528 490 86 759 366 360 611 351 450 692 267 792 130 289 514 851 373 244 776 338 768 750 745 385 494 153 473 766 666 601 513 519 263 481 658 376 780 121 798 749 59 978 905 674 497 1009 821 277 272 333 801 884 119 158 92 291 625 613 462 126 536 448 869 761 382 243 723 131 714 306 169 222 484 611 717 531 503 224 757 48 229 473 221 567 787 255 130 656 348 260 157 733 386
293 348 472 737 612 565 428 317 222 463 810 134 394 274 124 482 183 744 35 235 626 0 155 686 476 707 767 788 727 228 342 181 700 564 794 761 616 553 497 397 257 251 377 258 628 418 552 412 323 149 594 457 229 728 522 390 727 478 676 311 324 668 401 516 500 233 815 448 117 830 151 456 413 891 294 615 645 343 630 194 410 209 597 528 109 129 387 600 88 513 415 706 802 411 148 335 598 355 598 482 573 530 674 554 731 713 585 824 621 448 552 481 312 600 620 352 391 294 386 842 539 412 431 302 281 864 244 647 589 160 127 327 547 543 183 428 711 97 143 132 609 154 511 684 808 720 339 145 609 404 283 512 752 435 420 624 758 376 508 326 507 649 629 696 276 411 675 697 93 677 306 275 486 569 370 495 162 758 779 751 380 642 202 500 512 594 232 584 853 211 685 86 163 753 698 471 428 881 479 721 323
383 222 358 808 692 560 573 276 216 345 853 277 506 426 232 638 164 818 174 216 697 155 0 841 381 810 834 869 881 287 482 335 748 659 949 856 768 662 599 513 327 153 241 342 778 564 594 545 464 300 741 548 366 796 677 367 849 621 788 247 365 824 303 633 654 374 967 575 88 900 298 607 425 942 434 677 796 413 661 274 562 221 481 678 193 29 517 680 214 665 566 729 875 511 286 392 661 313 687 579 623 421 795 609 886 734 482 978 770 393 615 632 437 585 773 480 537 443 433 997 632 531 583 402 400 941 363 775 742 69 202 459 493 586 224 575 865 102 284 183 619 278 407 814 963 803 470 237 668 473 302 404 892 500 558 631 867 394 656 417 578 749 719 815 170 566 816 745 189 817 397 407 624 585 232 568 18 874 834 782 530 795 337 652 662 614 79 651 915 225 708 237 204 860 788 626 560 938 566 876 455
613 1003 1094 765 673 938 329 874 790 1092 929 583 556 423 644 206 807 761 672 809 717 686 841 0 1068 594 800 745 76 715 418 509 843 593 119 660 139 521 548 501 693 897 1039 635 172 363 793 450 455 550 224 597 509 774 165 884 475 352 521 901 732 17 1011 474 221 496 195 434 782 824 560 263 820 948 473 746 132 662 866 681 299 765 1208 219 695 815 436 670 649 206 324 937 790 563 572 697 739 896 626 572 776 1137 469 752 45 951 1173 159 192 976 723 281 496 988 107 467 347 433 726 160 594 483 277 613 532 808 574 407 167 836 702 458 1045 788 724 349 87 760 570 717 923 596 1112 390 124 698 488 672 758 709 792 1120 318 725 420 942 570 797 296 639 677 586 637 489 922 276 292 844 678 308 640 518 347 883 1034 668 848 534 864 940 335 108 554 218 231 884 918 719 877 760 925 606 741 584 657 222 408 915 612 36 461
462 177 69 709 637 332 745 193 284 87 675 609 869 656 443 889 544 721 510 265 617 476 381 1068 0 797 720 787 1084 667 651 631 600 651 1154 814 958 693 628 600 706 232 190 434 952 880 469 887 795 615 901 559 562 691 923 208 893 942 810 172 352 1050 78 696 930 576 1138 678 362 784 623 805 305 772 765 580 983 432 491 649 768 308 141 862 561 407 648 627 562 864 866 524 772 557 516 394 568 174 658 598 508 72 841 510 1112 521 109 1172 937 126 534 929 575 323 976 610 722 756 390 1204 627 622 790 772 537 839 720 850 1016 447 574 612 168 464 350 888 1063 379 522 375 407 484 45 895 1177 738 814 605 564 853 683 58 1004 881 892 408 869 307 963 791 531 740 683 852 211 821 938 596 424 932 771 751 759 398 197 529 393 893 686 584 733 991 678 852 846 428 370 570 774 312 506 514 584 855 743 886 686 783 563 1098 609
426 838 854 184 165 516 389 647 625 864 353 713 893 515 588 576 891 177 723 637 199 707 810 594 797 0 215 151 551 891 409 641 299 154 599 70 459 155 211 312 899 757 879 467 422 736 344 817 749 678 375 264 494 199 572 591 142 776 72 693 476 584 781 204 650 496 520 285 722 229 698 441 492 356 740 240 461 406 374 848 456 608 927 416 795 801 346 172 746 451 686 415 196 299 565 437 245 642 138 230 307 867 126 296 618 430 870 589 402 672 267 705 402 559 493 368 417 689 417 638 181 301 459 874 427 218 801 187 682 853 812 401 687 345 590 730 527 708 573 626 462 553 840 211 632 113 796 806 258 1003 967 855 323 1032 796 477 74 496 745 909 266 61 114 110 772 567 309 301 629 293 896 773 314 441 879 270 826 107 286 393 451 486 746 450 416 423 880 236 284 602 413 633 857 58 76 593 320 322 250 601 404
474 805 785 36 164 397 551 612 624 799 139 808 1026 641 642 754 947 39 791 631 141 767 834 800 720 215 0 87 763 978 540 750 126 238 812 167 662 297 310 417 994 744 843 508 628 893 256 965 885 779 577 319 590 39 757 535 356 940 283 660 470 789 725 354 828 597 735 428 748 66 799 615 438 151 871 157 668 425 234 936 619 615 832 606 868 834 477 174 825 638 846 238 53 372 644 442 173 595 197 307 220 782 339 228 827 251 771 803 607 595 219 876 502 426 696 483 571 824 401 852 254 417 628 989 511 119 914 397 872 889 887 517 579 263 611 890 738 740 654 658 326 622 758 425 845 103 931 890 168 1116 1046 775 538 1147 948 334 269 459 918 1022 260 214 174 325 753 731 521 130 677 506 1007 897 487 324 845 272 852 311 73 198 605 692 855 634 603 296 893 183 90 609 245 708 928 250 144 769 467 125 295 810 519
495 859 850 80 177 472 524 665 665 863 223 815 1016 632 664 720 970 67 809 674 177 788 869 745 787 151 87 0 702 989 527 750 209 229 748 88 610 271 303 413 1002 791 898 532 573 870 317 948 874 783 525 330 594 99 718 594 283 914 223 713 511 735 786 328 793 599 665 407 781 79 803 582 495 207 862 208 612 455 311 946 592 653 904 563 884 865 463 189 838 597 822 324 48 379 656 478 222 652 191 309 279 852 276 281 769 338 844 735 553 661 263 846 502 505 644 476 548 813 444 785 252 408 598 988 518 78 913 338 830 920 902 511 653 323 644 866 677 771 665 688 405 637 827 360 781 68 920 902 223 1116 1060 843 467 1146 928 414 191 510 887 1022 291 172 161 259 802 704 459 212 701 442 1008 891 454 397 900 300 886 233 159 286 583 637 855 595 562 371 932 225 135 648 330 722 945 173 101 736 446 172 309 752 513
624 1031 1115 729 646 932 339 892 812 1115 895 633 626 456 674 261 858 724 716 831 691 727 881 76 1084 551 763 702 0 774 434 556 816 569 70 615 127 497 532 500 754 926 1069 650 144 431 779 520 518 598 200 587 535 739 220 894 424 425 480 922 741 84 1032 455 289 523 119 428 817 781 609 282 823 907 534 723 106 667 848 738 324 788 1226 223 746 857 440 644 698 222 390 915 748 559 604 703 717 911 599 559 759 1155 425 736 72 930 1187 97 164 987 705 351 509 982 109 475 364 491 728 120 573 480 302 678 547 761 634 366 242 881 754 472 1050 775 748 417 25 796 603 746 911 625 1129 342 94 660 554 725 736 778 852 1139 255 796 490 930 520 802 369 705 663 550 606 443 950 325 243 817 710 259 704 580 339 873 1064 655 889 482 829 913 359 93 609 235 238 871 959 698 836 783 905 644 794 535 619 279 407 873 600 58 475
505 508 645 946 817 793 549 533 445 632 1032 178 240 390 344 513 139 952 196 455 837 228 287 715 667 891 978 989 774 0 489 256 920 760 833 952 688 735 688 580 42 435 523 476 712 368 776 312 264 214 694 660 397 939 553 613 883 411 848 517 552 699 588 688 497 394 881 612 315 1039 195 548 641 1109 242 830 716 563 856 43 505 435 767 619 119 260 548 806 153 593 394 933 1008 609 333 559 814 572 797 679 794 708 835 774 756 940 769 870 712 661 769 451 489 827 680 522 511 282 611 875 736 590 520 134 470 1067 141 796 576 228 101 490 762 767 412 382 765 305 324 359 838 356 694 825 839 920 244 88 826 186 81 691 867 215 335 853 931 605 460 136 720 837 828 859 455 453 792 918 320 798 119 198 622 797 514 708 278 924 997 977 486 705 168 582 605 822 325 799 1066 437 912 269 83 930 893 495 581 1096 683 751 487
196 602 681 503 377 540 96 458 379 681 632 311 488 106 254 265 514 506 347 398 411 342 482 418 651 409 540 527 434 489 0 234 526 302 504 475 308 258 229 126 492 499 641 217 308 358 425 425 346 274 264 237 115 503 288 466 395 411 360 488 315 401 598 205 327 109 498 125 405 590 293 155 408 687 334 422 334 250 508 446 123 355 792 212 407 463 64 368 355 213 315 587 557 186 196 282 409 478 343 235 421 721 345 396 462 600 755 524 296 558 375 358 79 590 324 63 71 285 318 554 285 122 144 465 114 606 392 309 398 503 422 40 629 417 316 357 413 385 200 322 542 205 695 343 526 460 392 409 426 593 568 705 410 622 409 561 443 382 400 499 321 361 370 370 522 214 334 524 296 335 487 364 143 498 637 309 494 435 580 610 90 340 337 201 196 508 561 389 630 350 571 257 468 443 427 270 92 665 260 448 43
301 523 637 715 586 644 294 450 352 631 822 83 289 133 194 304 306 720 162 369 612 181 335 509 631 641 750 750 556 256 234 0 711 520 621 705 453 487 446 337 258 421 554 286 471 248 581 267 172 45 446 431 160 711 344 502 627 310 594 459 388 492 561 437 319 152 651 358 290 806 61 301 490 890 145 613 482 367 666 213 256 331 761 374 193 308 295 575 143 352 237 746 774 377 134 378 597 484 559 443 591 692 579 568 554 756 741 653 468 578 556 303 248 687 452 274 255 124 430 668 499 343 273 239 240 828 164 539 408 327 204 240 671 572 291 257 542 269 124 257 670 169 670 568 633 681 204 183 612 367 336 674 615 397 266 688 677 455 333 272 503 590 589 604 446 233 539 709 207 544 258 154 365 626 547 490 341 669 779 781 233 475 105 340 358 645 411 580 840 328 727 117 248 677 651 291 326 872 455 545 237
416 696 666 130 170 272 559 507 533 680 111 760 997 618 577 767 874 143 727 537 126 700 748 843 600 299 126 209 816 920 526 711 0 251 872 272 704 322 308 399 941 644 733 444 675 884 153 947 861 734 620 289 551 111 776 424 439 936 356 554 384 831 610 373 838 561 805 433 665 186 753 629 333 193 844 103 715 357 109 881 624 527 708 635 806 751 468 174 767 662 841 118 180 342 593 365 116 486 217 293 127 660 410 146 875 132 646 869 654 476 155 879 472 300 737 463 570 800 317 916 254 406 637 948 472 244 873 458 893 808 824 496 454 162 530 883 791 660 603 581 200 565 636 494 904 192 904 832 99 1072 983 653 614 1103 933 207 366 359 921 980 209 273 211 403 650 732 584 4 607 569 964 863 508 202 735 222 766 405 88 97 603 736 813 656 628 172 800 136 176 522 121 652 863 347 222 778 470 192 265 858 496
276 685 705 201 82 396 316 494 471 714 344 585 790 405 442 522 748 204 583 483 125 564 659 593 651 154 238 229 569 760 302 520 251 0 628 198 454 72 74 183 772 603 726 316 426 654 225 727 649 553 371 111 364 202 528 444 245 703 159 541 323 580 631 122 594 369 570 190 571 288 573 382 346 387 636 153 466 252 282 717 383 454 784 384 658 652 239 77 611 412 608 346 255 153 428 283 148 491 40 81 196 722 197 177 626 361 730 628 405 528 145 640 272 443 486 248 333 588 266 673 27 181 393 759 290 308 684 227 644 704 675 282 554 223 437 652 543 558 437 476 356 412 695 270 659 161 694 673 166 887 833 710 391 917 710 373 221 346 682 793 122 93 68 203 618 494 347 251 482 334 779 663 258 325 726 123 676 241 285 346 367 487 626 406 378 315 727 130 328 448 336 495 719 209 133 535 229 363 96 609 285
693 1101 1185 780 703 997 409 962 882 1185 947 698 675 525 743 322 922 774 783 901 748 794 949 119 1154 599 812 748 70 833 504 621 872 628 0 660 196 556 595 568 812 996 1138 720 209 482 842 569 574 664 265 652 605 791 281 963 465 469 529 992 810 134 1102 517 341 593 105 494 886 827 674 352 891 955 592 781 173 735 909 799 394 858 1295 292 810 924 509 702 763 292 444 974 795 626 673 772 776 981 657 622 820 1225 473 798 85 989 1257 42 228 1056 767 400 579 1047 179 545 434 551 796 50 634 548 371 732 617 803 693 416 281 948 818 542 1118 838 818 468 92 865 672 815 974 695 1199 388 33 709 607 788 795 828 911 1209 287 844 539 993 561 871 412 758 726 603 661 489 1020 389 291 873 780 306 759 638 406 937 1134 719 957 521 881 970 429 163 671 305 307 934 1027 758 883 853 965 712 857 578 669 339 475 920 664 85 545
474 869 874 145 178 516 459 676 663 885 306 775 961 581 640 647 945 134 779 674 199 761 856 660 814 70 167 88 615 952 475 705 272 198 660 0 527 217 265 371 961 793 910 514 489 806 349 887 817 741 444 308 554 163 642 613 195 846 141 723 511 652 805 270 721 558 576 351 768 167 761 512 513 296 808 238 528 446 362 908 527 648 939 487 853 850 411 189 804 521 756 391 136 350 623 474 248 667 170 279 310 882 191 305 683 405 881 647 469 688 280 775 462 554 561 431 486 757 448 697 224 362 530 940 483 148 866 254 752 902 870 464 693 352 633 800 591 756 631 673 455 608 856 273 693 82 864 866 256 1068 1026 872 378 1098 866 467 103 522 816 974 292 115 139 172 807 637 372 275 680 356 961 840 385 440 910 299 873 145 241 360 521 553 810 520 487 418 924 244 223 642 392 690 914 84 72 664 388 260 290 666 467
497 909 989 627 534 807 212 765 688 990 790 534 572 341 553 189 759 623 608 707 578 616 768 139 958 459 662 610 127 688 308 453 704 454 196 527 0 382 411 373 674 804 947 523 40 378 657 471 447 497 85 463 413 636 159 766 348 390 386 797 614 127 906 335 245 402 199 302 700 688 510 161 696 811 457 608 29 539 729 649 206 663 1099 96 646 745 313 531 596 102 329 798 654 433 485 576 601 784 487 436 639 1029 335 615 172 813 1060 215 58 859 586 311 382 857 34 348 239 409 601 246 456 353 184 606 421 675 554 273 240 774 656 345 922 652 624 366 104 679 485 624 789 504 1003 262 221 560 488 630 620 718 768 1012 218 739 442 807 441 675 342 636 541 448 498 357 828 236 169 705 592 185 633 503 213 749 943 532 777 407 725 801 239 34 520 115 111 749 847 581 741 658 788 531 698 453 519 211 280 779 477 156 349
281 711 744 260 152 458 255 525 489 751 412 558 746 364 436 457 736 260 568 503 196 553 662 521 693 155 297 271 497 735 258 487 322 72 556 217 382 0 67 156 744 622 752 322 354 600 291 676 603 523 298 134 338 264 461 485 200 645 127 570 351 508 666 57 531 341 500 136 575 339 543 318 391 448 592 225 394 273 353 692 323 469 830 314 639 652 194 148 590 343 552 418 304 153 410 309 220 527 106 95 265 765 147 244 554 433 778 557 333 574 212 579 246 506 414 213 277 542 303 602 79 145 331 722 272 349 649 164 577 701 656 247 608 288 447 596 471 560 418 479 424 399 738 208 587 206 649 651 238 851 811 752 327 880 657 441 205 386 621 757 180 103 123 161 639 435 277 322 478 266 744 623 191 390 751 176 678 213 351 418 312 415 592 339 309 383 734 201 384 463 408 478 701 199 170 472 174 421 131 537 249
216 643 677 274 148 406 251 458 422 684 409 512 716 331 376 459 680 277 514 436 186 497 599 548 628 211 310 303 532 688 229 446 308 74 595 265 411 67 0 109 699 555 685 257 388 584 247 654 575 480 331 68 291 273 468 419 268 634 193 502 283 534 599 78 530 296 548 124 511 362 500 321 327 458 562 205 426 205 318 645 317 403 765 332 587 590 166 140 539 357 538 390 329 88 357 241 195 460 114 30 227 700 214 204 584 404 714 600 368 509 174 573 199 455 441 174 264 514 237 642 56 107 328 684 218 382 610 224 585 641 605 208 548 242 382 581 507 497 366 416 379 343 673 269 625 235 621 602 214 813 761 686 384 843 638 397 269 320 615 719 130 152 142 228 572 426 328 307 417 318 704 589 203 342 683 123 615 279 353 399 298 445 552 350 324 339 670 175 401 397 377 424 649 261 205 470 162 435 71 567 210
145 587 641 382 253 437 177 415 359 645 506 403 609 224 283 379 580 385 412 376 285 397 513 501 600 312 417 413 500 580 126 337 399 183 568 371 373 156 109 0 590 491 628 183 360 484 305 550 468 370 306 111 182 379 395 399 336 537 278 455 248 485 560 120 446 186 540 78 427 471 390 249 323 562 454 296 395 169 386 537 233 337 741 282 483 500 72 244 434 297 441 464 438 64 253 207 283 427 223 110 298 673 282 272 542 478 697 580 343 492 250 481 90 487 398 65 177 407 227 618 163 22 249 575 115 491 500 267 510 548 500 100 550 298 308 483 477 411 261 333 428 243 646 310 595 344 513 495 300 703 655 657 407 733 535 447 360 304 524 609 196 256 252 302 511 336 338 398 325 333 595 480 162 386 625 184 528 362 455 484 207 408 442 287 270 391 587 263 508 331 449 321 545 356 315 387 93 542 134 526 101
525 549 686 961 832 823 547 568 478 673 1053 186 200 390 368 494 181 967 224 489 854 257 327 693 706 899 994 1002 754 42 492 258 941 772 812 961 674 744 699 590 0 474 564 497 699 340 799 278 239 220 685 675 408 955 534 647 884 379 853 554 578 678 628 695 473 403 864 617 351 1054 200 540 670 1127 220 849 702 584 880 63 499 467 808 610 151 300 553 821 176 581 369 958 1022 623 350 583 833 607 810 692 816 748 837 795 734 966 809 850 701 697 788 424 500 858 664 530 508 265 635 853 749 598 512 96 483 1080 120 796 549 270 135 497 798 790 441 354 746 340 340 389 865 375 734 823 816 933 214 113 846 148 99 731 859 178 302 881 936 633 430 95 738 846 840 862 495 438 785 938 348 792 78 174 621 824 556 726 319 927 1016 1000 482 689 160 571 595 848 367 817 1083 468 937 289 123 936 905 475 585 1113 699 729 494
346 105 220 723 619 427 596 140 133 211 743 386 640 474 253 704 317 734 283 120 615 251 153 897 232 757 744 791 926 435 499 421 644 603 996 793 804 622 555 491 474 0 142 307 807 666 492 664 575 397 763 494 391 708 741 233 820 727 749 101 282 880 154 605 735 403 998 564 134 811 402 644 311 836 545 588 832 351 548 417 602 154 345 710 329 176 517 607 334 704 659 608 790 470 325 320 573 172 624 530 525 279 766 516 943 610 336 1020 796 243 529 724 435 445 816 477 565 542 347 1046 576 512 624 541 395 858 491 758 823 222 342 467 341 484 185 676 907 154 328 180 492 301 262 801 1015 730 590 374 576 622 456 262 894 650 672 502 822 286 754 559 503 696 654 782 25 633 821 641 221 819 539 526 630 463 138 495 167 835 733 664 567 835 453 691 693 494 167 567 818 160 587 304 352 812 722 697 559 837 507 931 463
482 41 138 825 732 485 738 234 268 120 822 509 747 615 395 844 388 837 404 252 722 377 241 1039 190 879 843 898 1069 523 641 554 733 726 1138 910 947 752 685 628 564 142 0 445 949 795 586 784 699 526 905 620 534 809 881 308 952 855 877 186 403 1021 132 740 871 545 1140 702 263 909 528 787 404 918 669 691 974 479 628 514 744 291 248 852 434 270 657 721 450 847 791 677 892 602 467 444 677 247 743 658 623 199 898 618 1084 676 264 1162 938 272 636 857 576 489 959 618 707 671 462 1188 699 649 767 643 536 960 604 894 960 294 443 609 349 580 326 806 1050 285 469 323 558 443 195 937 1157 842 709 478 677 705 524 185 1033 731 795 563 947 389 885 656 617 819 772 913 119 773 962 729 361 958 637 645 771 537 9 611 246 963 821 736 709 978 573 834 836 569 202 674 909 297 657 440 441 936 837 836 699 923 630 1072 605
41 404 467 479 355 361 310 242 176 469 556 319 575 244 134 469 439 487 283 193 367 258 342 635 434 467 508 532 650 476 217 286 444 316 720 514 523 322 257 183 497 307 445 0 518 508 302 547 454 299 469 205 148 469 498 251 515 569 449 277 108 618 385 299 521 163 706 257 254 572 317 372 211 633 430 356 548 87 385 436 337 153 575 427 362 335 216 343 322 430 478 464 544 169 154 92 340 261 346 236 318 505 461 298 679 474 538 738 504 342 294 535 140 406 541 177 288 398 144 770 290 204 359 511 102 607 438 451 601 388 380 178 419 293 125 512 628 241 165 159 384 122 479 494 742 465 490 387 351 632 539 489 589 663 541 402 526 178 574 542 248 407 378 479 327 406 518 442 169 514 524 439 330 340 442 236 359 535 522 504 302 556 379 418 412 360 413 326 595 147 444 208 420 518 447 469 257 622 225 665 174
490 911 986 593 504 788 211 761 687 987 758 553 606 353 558 223 777 589 622 706 549 628 778 172 952 422 628 573 144 712 308 471 675 426 209 489 40 354 388 360 699 807 949 518 0 413 635 506 477 516 56 443 418 603 196 757 308 428 350 794 604 162 903 310 283 407 190 285 707 652 530 171 683 776 485 580 40 528 704 672 217 663 1093 99 664 756 304 502 613 119 363 772 618 417 493 565 574 778 458 414 614 1023 298 591 200 787 1053 221 21 850 561 349 378 838 73 341 243 436 587 258 430 339 198 635 418 638 580 235 281 787 675 342 910 630 624 402 119 686 494 628 767 509 997 222 237 526 520 651 592 749 793 1007 179 772 477 785 402 664 380 666 518 414 466 319 830 263 129 675 598 144 662 530 197 728 945 510 788 367 693 772 248 63 544 131 116 727 857 554 705 657 761 542 718 415 485 245 268 743 455 183 346
510 766 885 856 733 867 347 697 599 878 990 286 195 271 440 189 483 858 391 617 768 418 564 363 880 736 893 870 431 368 358 248 884 654 482 806 378 600 584 484 340 666 795 508 413 0 776 93 106 269 419 594 360 857 220 743 672 62 672 707 616 350 809 542 142 346 548 465 533 939 267 299 719 1042 133 780 402 576 861 341 279 577 1009 348 383 534 417 724 350 312 51 941 904 542 372 597 767 730 695 592 776 940 638 751 400 953 989 522 421 823 732 84 417 914 359 420 322 124 644 519 640 479 277 252 430 947 228 582 210 537 383 389 913 767 536 14 428 513 364 505 883 408 918 594 482 806 127 348 784 346 439 922 590 365 64 901 748 685 94 276 678 698 719 664 691 170 526 882 455 538 279 172 421 838 788 665 565 726 937 966 288 383 230 306 339 852 632 747 982 575 923 366 413 754 769 168 426 1018 618 397 388
