1 2 0.5
6
3
60 52 47 43 58 22
272 296 257 265 353 162
5 36 33 31 48 22
3.9 3.9 4.1 3.6 2.4 5
83 138 80
498 828 480
0 177 164 184 213 233 95
177 0 291 193 380 59 254
164 291 0 348 270 328 215
184 193 348 0 277 245 175
213 380 270 277 0 438 126
233 59 328 245 438 0 313
95 254 215 175 126 313 0
