1 1.5 0.5
50
5
38 19 19 64 90 91 23 7 35 12 22 55 35 78 73 39 28 91 24 60 42 84 72 98 53 94 65 18 13 60 6 50 76 24 12 67 15 34 71 49 44 90 2 76 67 73 15 94 62 39
730 714 474 500 727 508 654 292 657 699 345 488 586 693 697 397 512 933 642 725 605 477 381 661 723 657 574 477 538 584 328 757 600 477 122 260 665 756 223 562 648 612 697 846 511 548 372 563 436 342
26 2 2 36 79 41 14 3 23 7 21 52 26 42 7 20 14 81 24 24 9 23 66 59 9 60 22 16 13 29 4 43 57 13 6 40 7 10 12 16 32 34 1 36 25 42 15 73 26 15
458 411 473 444 355
22900 20550 23650 22200 17750
4.4 4.3 4.5 1.8 2.4 1.3 4.4 2.8 1.7 3.4 3.5 5 3.7 4.1 2.3 4.7 3.5 2.6 4 4.1 3.7 2.3 2.7 2.4 2.4 3.6 1.2 3.7 3.3 3.9 3.2 2.8 3.3 2.7 3.6 4.7 3.2 3.1 2.6 3.9 1.6 1 4 4.3 4.3 1.4 4.2 2.8 3.2 3.1
0 477 425 339 334 360 277 339 272 288 280 249 273 352 341 377 216 65 431 372 349 255 341 263 403 370 233 438 367 419 478 283 419 463 378 89 160 469 430 96 316 309 127 483 411 176 336 156 153 265 110
477 0 130 265 608 155 356 167 367 498 615 501 598 594 213 100 269 413 752 650 341 673 179 670 857 665 653 825 581 552 954 399 855 802 854 539 321 830 901 511 254 645 568 626 141 642 616 631 324 716 569
425 130 0 143 628 65 242 87 254 383 619 393 494 621 100 107 254 360 639 534 398 584 84 578 774 683 633 721 614 425 889 432 765 813 789 470 266 721 856 482 300 539 536 498 228 573 635 570 276 684 500
339 265 143 0 606 113 102 113 113 240 579 252 354 607 54 195 240 280 495 391 434 454 95 446 647 656 567 581 608 288 775 439 632 775 676 362 198 578 759 416 339 398 463 364 317 461 611 465 216 605 391
334 608 628 606 0 568 581 548 579 621 77 583 600 36 582 533 376 357 744 700 288 542 560 556 609 57 196 717 66 752 581 210 651 195 510 401 410 761 452 239 354 629 241 817 479 423 9 382 391 273 403
360 155 65 113 568 0 200 22 211 342 556 346 445 563 59 83 193 295 597 495 354 528 24 523 716 623 568 672 559 401 827 379 710 751 727 407 200 676 791 417 255 491 470 478 208 511 575 506 211 619 438
277 356 242 102 581 200 0 191 11 141 543 150 252 588 144 273 252 228 397 294 458 355 177 346 548 626 511 479 594 217 682 443 531 734 584 279 176 478 677 366 372 297 404 295 382 373 585 382 196 537 307
339 167 87 113 548 22 191 0 201 332 535 333 431 544 59 83 172 273 585 484 339 511 18 506 698 602 546 658 539 398 807 360 693 730 706 387 179 663 769 395 241 478 448 475 204 491 554 485 189 597 418
272 367 254 113 579 211 11 201 0 130 540 139 240 588 156 283 256 225 385 283 463 344 188 335 536 624 505 468 594 210 672 445 520 731 574 271 177 466 668 362 378 285 399 288 391 363 583 373 197 531 299
288 498 383 240 621 342 141 332 130 0 568 42 125 636 286 412 356 268 255 152 559 250 319 237 438 658 507 344 648 132 592 525 412 746 500 245 264 338 615 384 484 163 405 197 514 309 623 332 282 511 263
280 615 619 579 77 556 543 535 540 568 0 528 536 112 562 532 364 314 675 637 321 470 545 485 532 91 119 643 140 700 507 234 574 196 434 338 381 688 383 183 369 563 173 761 496 351 72 309 363 197 336
249 501 393 252 583 346 150 333 139 42 528 0 101 600 293 410 337 235 253 157 535 216 322 204 407 619 465 328 612 172 555 496 385 704 462 203 243 329 574 345 465 146 364 233 506 267 585 290 259 469 221
273 598 494 354 600 445 252 431 240 125 536 101 0 622 394 505 412 283 167 100 598 133 421 116 314 628 454 227 638 214 474 547 287 696 387 198 319 232 513 361 539 46 364 247 593 221 600 255 331 440 202
352 594 621 607 36 563 588 544 588 636 112 600 622 0 580 524 373 370 769 722 266 569 557 583 643 81 231 747 29 766 617 195 683 217 546 424 415 789 489 260 339 653 269 833 462 453 44 411 395 309 427
341 213 100 54 582 59 144 59 156 286 562 293 394 580 0 140 207 277 542 439 391 485 40 479 675 634 560 622 578 342 795 404 665 758 695 376 187 622 768 409 294 439 459 418 263 479 588 478 202 605 407
377 100 107 195 533 83 273 83 283 412 532 410 505 524 140 0 174 312 663 564 291 575 100 572 757 589 561 730 515 481 853 331 756 723 753 438 220 738 803 415 194 552 472 558 126 541 541 530 224 621 468
216 269 254 240 376 193 252 172 256 356 364 337 412 373 207 174 0 157 580 493 206 448 184 450 615 430 386 621 370 464 693 199 624 559 594 291 94 640 632 241 128 458 298 541 196 390 382 372 82 446 319
65 413 360 280 357 295 228 273 225 268 314 235 283 370 277 312 157 0 448 376 316 294 276 298 457 400 287 473 380 397 541 264 467 505 441 134 94 498 495 138 269 324 183 466 354 233 361 218 88 327 161
431 752 639 495 744 597 397 585 385 255 675 253 167 769 542 663 580 448 0 105 765 208 573 191 298 765 577 127 788 263 478 711 245 814 416 347 486 92 561 511 706 123 502 244 757 329 743 370 498 544 341
372 650 534 391 700 495 294 484 283 152 637 157 100 722 439 564 493 376 105 0 687 206 471 187 354 728 552 215 738 168 528 641 312 794 452 299 399 195 588 461 621 83 464 171 663 313 701 350 414 534 302
349 341 398 434 288 354 458 339 463 559 321 535 598 266 391 291 206 316 765 687 0 604 356 611 742 344 402 786 248 671 777 89 764 483 686 438 294 814 680 311 98 641 361 747 202 516 297 485 276 482 458
255 673 584 454 542 528 355 511 344 250 470 216 133 569 485 575 448 294 208 206 604 0 504 18 192 559 369 183 590 347 342 537 181 605 254 166 363 220 383 318 564 123 300 373 642 121 540 162 368 336 149
341 179 84 95 560 24 177 18 188 319 545 322 421 557 40 100 184 276 573 471 356 504 0 499 693 614 552 648 553 381 805 375 686 741 705 385 182 652 771 401 258 467 453 458 223 489 566 485 194 601 416
263 670 578 446 556 523 346 506 335 237 485 204 116 583 479 572 450 298 191 187 611 18 499 0 203 575 386 175 604 330 357 546 186 623 271 173 363 208 401 330 568 105 314 355 643 137 555 179 369 355 159
403 857 774 647 609 716 548 698 536 438 532 407 314 643 675 757 615 457 298 354 742 192 693 203 0 608 414 185 669 517 179 664 60 611 136 323 539 241 284 432 720 286 392 525 812 227 605 256 540 347 295
370 665 683 656 57 623 626 602 624 658 91 619 628 81 634 589 430 400 765 728 344 559 614 575 608 0 196 729 106 789 564 267 654 138 500 429 459 775 427 273 411 654 264 852 536 439 48 397 440 263 427
233 653 633 567 196 568 511 546 505 507 119 465 454 231 560 561 386 287 577 552 402 369 552 386 414 196 0 534 259 637 391 313 458 242 315 263 373 581 278 151 428 473 106 692 551 248 191 207 359 82 251
438 825 721 581 717 672 479 658 468 344 643 328 227 747 622 730 621 473 127 215 786 183 648 175 185 729 534 0 769 382 363 721 126 758 315 349 531 56 464 501 742 182 478 370 810 294 715 335 539 485 333
367 581 614 608 66 559 594 539 594 648 140 612 638 29 578 515 370 380 788 738 248 590 553 604 669 106 259 769 0 777 646 184 708 240 574 442 419 811 518 277 327 670 290 845 447 475 74 434 399 337 447
419 552 425 288 752 401 217 398 210 132 700 172 214 766 342 481 464 397 263 168 671 347 381 330 517 789 637 382 777 0 685 645 478 877 601 375 378 356 727 516 588 231 536 77 597 428 754 456 397 638 390
478 954 889 775 581 827 682 807 672 592 507 555 474 617 795 853 693 541 478 528 777 342 805 357 179 564 391 363 646 685 0 690 236 526 100 419 633 418 151 470 777 454 416 700 885 316 574 323 629 310 389
283 399 432 439 210 379 443 360 445 525 234 496 547 195 404 331 199 264 711 641 89 537 375 546 664 267 313 721 184 645 690 0 690 406 601 372 268 753 591 231 144 587 277 719 268 442 219 408 248 393 389
419 855 765 632 651 710 531 693 520 412 574 385 287 683 665 756 624 467 245 312 764 181 686 186 60 654 458 126 708 478 236 690 0 664 196 333 542 182 345 460 735 253 424 480 820 248 647 283 546 397 309
463 802 813 775 195 751 734 730 731 746 196 704 696 217 758 723 559 505 814 794 483 605 741 623 611 138 242 758 240 877 526 406 664 0 485 504 576 809 377 368 549 714 340 933 675 485 186 446 558 272 494
378 854 789 676 510 727 584 706 574 500 434 462 387 546 695 753 594 441 416 452 686 254 705 271 136 500 315 315 574 601 100 601 196 485 0 319 533 372 149 376 681 373 324 623 787 216 504 223 529 238 288
89 539 470 362 401 407 279 387 271 245 338 203 198 424 376 438 291 134 347 299 438 166 385 173 323 429 263 349 442 375 419 372 333 504 319 0 217 381 397 164 401 228 166 429 488 103 402 103 217 267 30
160 321 266 198 410 200 176 179 177 264 381 243 319 415 187 220 94 94 486 399 294 363 182 363 539 459 373 531 419 378 633 268 542 576 533 217 0 548 590 221 222 365 272 454 279 321 415 310 20 419 247
469 830 721 578 761 676 478 663 466 338 688 329 232 789 622 738 640 498 92 195 814 220 652 208 241 775 581 56 811 356 418 753 182 809 372 381 548 0 521 539 764 185 520 334 825 337 759 379 558 536 368
430 901 856 759 452 791 677 769 668 615 383 574 513 489 768 803 632 495 561 588 680 383 771 401 284 427 278 464 518 727 151 591 345 377 149 397 590 521 0 393 697 506 335 756 814 308 445 295 582 198 369
96 511 482 416 239 417 366 395 362 384 183 345 361 260 409 415 241 138 511 461 311 318 401 330 432 273 151 501 277 516 470 231 460 368 376 164 221 539 393 0 308 393 57 579 421 212 240 177 207 205 171
316 254 300 339 354 255 372 241 378 484 369 465 539 339 294 194 128 269 706 621 98 564 258 568 720 411 428 742 327 588 777 144 735 549 681 401 222 764 697 308 0 584 363 665 126 492 363 467 208 501 426
309 645 539 398 629 491 297 478 285 163 563 146 46 653 439 552 458 324 123 83 641 123 467 105 286 654 473 182 670 231 454 587 253 714 373 228 365 185 506 393 584 0 389 250 640 231 629 269 376 452 227
127 568 536 463 241 470 404 448 399 405 173 364 364 269 459 472 298 183 502 464 361 300 453 314 392 264 106 478 290 536 416 277 424 340 324 166 272 520 335 57 363 389 0 594 478 184 240 144 259 148 162
483 626 498 364 817 478 295 475 288 197 761 233 247 833 418 558 541 466 244 171 747 373 458 355 525 852 692 370 845 77 700 719 480 933 623 429 454 334 756 579 665 250 594 0 675 468 819 501 472 685 441
411 141 228 317 479 208 382 204 391 514 496 506 593 462 263 126 196 354 757 663 202 642 223 643 812 536 551 810 447 597 885 268 820 675 787 488 279 825 814 421 126 640 478 675 0 587 488 567 273 621 516
176 642 573 461 423 511 373 491 363 309 351 267 221 453 479 541 390 233 329 313 516 121 489 137 227 439 248 294 475 428 316 442 248 485 216 103 321 337 308 212 492 231 184 468 587 0 421 41 319 220 73
336 616 635 611 9 575 585 554 583 623 72 585 600 44 588 541 382 361 743 701 297 540 566 555 605 48 191 715 74 754 574 219 647 186 504 402 415 759 445 240 363 629 240 819 488 421 0 380 396 267 402
156 631 570 465 382 506 382 485 373 332 309 290 255 411 478 530 372 218 370 350 485 162 485 179 256 397 207 335 434 456 323 408 283 446 223 103 310 379 295 177 467 269 144 501 567 41 380 0 306 184 74
153 324 276 216 391 211 196 189 197 282 363 259 331 395 202 224 82 88 498 414 276 368 194 369 540 440 359 539 399 397 629 248 546 558 529 217 20 558 582 207 208 376 259 472 273 319 396 306 0 407 246
265 716 684 605 273 619 537 597 531 511 197 469 440 309 605 621 446 327 544 534 482 336 601 355 347 263 82 485 337 638 310 393 397 272 238 267 419 536 198 205 501 452 148 685 621 220 267 184 407 0 248
110 569 500 391 403 438 307 418 299 263 336 221 202 427 407 468 319 161 341 302 458 149 416 159 295 427 251 333 447 390 389 389 309 494 288 30 247 368 369 171 426 227 162 441 516 73 402 74 246 248 0

2 1.5 0.5
50
5
19 68 33 24 64 15 3 29 65 40 31 78 28 39 77 26 61 54 87 31 72 12 54 61 58 23 8 50 76 20 92 92 87 25 14 49 39 16 75 2 56 4 80 81 41 57 5 99 10 91
545 349 519 725 665 869 497 344 221 554 639 636 545 723 650 766 840 436 439 412 326 466 659 591 444 286 659 687 768 525 767 819 387 522 461 713 679 560 806 748 616 536 485 812 500 449 627 712 721 791
5 51 4 12 6 8 2 9 42 24 26 59 4 15 57 8 27 42 79 31 35 12 17 56 10 9 4 31 16 16 76 75 35 15 7 42 4 11 43 1 42 1 33 34 15 9 4 66 5 83
476 463 367 432 370
23800 23150 18350 21600 18500
4.2 4.9 3.3 2 1.3 1.9 1.5 5 2.3 1.1 4.3 2.9 3.3 3.2 1.5 2.7 1.3 3.9 1.8 2.2 4.2 4.9 4.8 2.9 1.3 4.3 4 3.2 2.6 2.5 1.9 1.9 2.6 4.2 2.9 2.9 1.2 3.7 2.8 2.7 3.8 2.2 4.8 2.2 4.6 1.3 4.2 1 4.2 5
0 365 140 401 343 299 475 170 46 111 390 406 409 376 376 220 473 401 147 97 344 193 338 251 229 288 80 398 427 323 360 309 323 205 123 313 346 378 335 492 366 228 210 346 321 296 342 274 398 444 325
365 0 375 641 702 642 677 534 358 381 639 601 563 617 740 236 195 762 506 445 369 470 259 125 591 107 284 183 394 682 517 594 269 558 262 71 674 724 203 798 465 587 519 214 158 396 343 635 85 142 643
140 375 0 288 416 400 614 224 185 33 525 277 549 264 426 318 528 465 181 123 467 95 436 293 305 273 154 466 545 333 221 221 228 211 218 307 455 469 266 424 502 313 340 273 390 428 223 294 378 409 441
401 641 288 0 486 527 822 352 446 302 719 79 788 24 450 605 811 506 320 319 745 207 724 578 420 533 440 753 826 322 153 110 409 285 503 569 588 562 476 199 763 438 537 475 677 696 350 323 620 633 592
343 702 416 486 0 96 415 192 344 386 310 543 445 473 73 506 774 61 235 294 537 376 597 581 114 631 421 693 618 172 553 381 642 223 441 655 134 78 669 427 485 115 221 679 623 463 637 163 742 788 161
299 642 400 527 96 0 327 188 288 368 220 574 349 510 168 431 696 150 232 277 445 382 512 517 108 581 370 614 525 240 569 417 617 244 379 601 61 82 634 499 389 93 133 645 548 371 623 212 689 739 71
475 677 614 822 415 327 0 471 434 582 107 853 123 802 487 443 636 451 502 517 331 639 445 563 415 668 503 562 368 566 825 713 776 540 467 671 281 352 763 823 227 396 286 777 531 283 811 532 752 811 256
170 534 224 352 192 188 471 0 189 194 367 390 448 332 210 375 637 243 44 102 459 193 484 421 83 453 250 560 545 158 381 242 450 69 288 480 249 248 480 374 445 95 189 489 484 394 446 108 564 606 245
46 358 185 446 344 288 434 189 0 156 354 452 364 422 385 187 448 404 176 135 300 239 301 237 234 293 83 371 383 347 406 353 351 235 100 313 329 369 355 531 320 229 183 367 295 250 377 297 401 451 304
111 381 33 302 386 368 582 194 156 0 492 298 520 277 400 302 525 437 152 92 446 98 422 291 275 284 137 460 525 313 249 225 256 189 201 316 423 438 289 424 476 281 307 297 382 403 255 271 391 426 408
390 639 525 719 310 220 107 367 354 492 0 753 157 699 383 403 629 350 401 421 331 542 434 518 308 614 430 550 389 458 730 609 704 435 404 622 177 252 699 715 239 289 187 713 505 266 732 425 708 764 149
406 601 277 79 543 574 853 390 452 298 753 0 807 77 514 594 780 568 352 337 744 216 711 552 465 493 431 728 822 386 88 162 354 329 495 529 635 617 422 277 773 482 567 420 654 702 288 380 571 578 635
409 563 549 788 445 349 123 448 364 520 157 807 0 765 518 333 512 493 471 470 208 591 323 454 413 564 420 439 246 571 768 682 686 518 374 563 321 398 666 818 104 393 261 680 412 167 728 530 641 699 287
376 617 264 24 473 510 802 332 422 277 699 77 765 0 440 580 787 495 299 296 721 183 699 554 403 510 415 729 802 311 140 92 390 267 479 546 572 548 455 212 739 420 516 455 653 672 332 310 598 612 575
376 740 426 450 73 168 487 210 385 400 383 514 518 440 0 558 826 56 247 311 601 371 654 622 151 662 456 745 684 128 535 351 655 218 484 688 206 141 688 367 554 161 285 697 673 528 641 140 773 816 234
220 236 318 605 506 431 443 375 187 302 403 594 333 580 558 0 268 567 363 317 168 399 119 121 406 231 165 187 233 533 529 523 372 422 102 229 454 512 340 713 245 397 300 354 117 168 428 483 309 367 420
473 195 528 811 774 696 636 637 448 525 629 780 512 787 826 268 0 835 620 567 305 622 195 234 674 293 399 82 285 794 699 749 463 678 350 260 713 776 398 949 408 665 563 409 153 363 536 745 267 309 677
401 762 465 506 61 150 451 243 404 437 350 568 493 495 56 567 835 0 284 346 595 417 657 641 171 689 479 754 675 184 586 405 693 263 502 713 173 99 723 422 539 174 280 732 684 521 684 191 800 845 205
147 506 181 320 235 232 502 44 176 152 401 352 471 299 247 363 620 284 0 63 462 150 477 397 128 420 224 545 548 176 339 212 408 59 270 448 291 293 440 363 458 139 217 449 468 401 402 128 530 570 286
97 445 123 319 294 277 517 102 135 92 421 337 470 296 311 317 567 346 63 0 434 122 435 339 182 357 168 494 518 236 308 219 348 113 219 386 334 346 377 396 444 189 233 386 416 379 346 190 467 507 323
344 369 467 745 537 445 331 459 300 446 331 744 208 721 601 168 305 595 462 434 0 537 116 277 461 392 315 231 85 611 686 653 541 520 252 383 445 517 506 826 104 446 316 519 211 74 597 562 451 510 407
193 470 95 207 376 382 639 193 239 98 542 216 591 183 371 399 622 417 150 122 537 0 519 387 276 367 235 558 618 262 189 127 299 153 297 401 442 440 348 329 558 289 354 353 480 489 273 231 469 497 436
338 259 436 724 597 512 445 484 301 422 434 711 323 699 654 119 195 657 477 435 116 519 0 188 506 300 284 117 137 642 643 643 462 536 221 283 523 590 417 831 219 494 379 431 101 167 526 592 344 401 487
251 125 293 578 581 517 563 421 237 291 518 552 454 554 622 121 234 641 397 339 277 387 188 0 471 114 172 176 324 573 476 514 274 452 139 108 549 599 230 715 363 466 394 244 105 288 340 525 189 247 518
229 591 305 420 114 108 415 83 234 275 308 465 413 403 151 406 674 171 128 182 461 276 506 471 0 518 308 594 546 158 462 310 530 136 333 542 169 164 555 409 429 19 155 565 521 390 528 118 628 673 172
288 107 273 533 631 581 668 453 293 284 614 493 564 510 662 231 293 689 420 357 392 367 300 114 518 0 211 260 437 593 410 490 172 468 212 35 621 662 118 694 476 516 470 131 206 399 244 547 110 157 594
80 284 154 440 421 370 503 250 83 137 430 431 420 415 456 165 399 479 224 168 315 235 284 172 308 211 0 329 391 401 371 360 274 280 63 234 412 451 272 554 359 305 266 285 250 282 308 353 321 369 387
398 183 466 753 693 614 562 560 371 460 550 728 439 729 745 187 82 754 545 494 231 558 117 176 594 260 329 0 227 718 652 685 433 603 275 232 631 694 375 883 335 584 481 387 78 285 504 668 266 319 595
427 394 545 826 618 525 368 545 383 525 389 822 246 802 684 233 285 675 548 518 85 618 137 324 546 437 391 227 0 696 760 736 597 606 327 421 519 594 554 911 150 530 398 568 237 155 658 648 479 536 482
323 682 333 322 172 240 566 158 347 313 458 386 571 311 128 533 794 184 176 236 611 262 642 573 158 593 401 718 696 0 412 224 558 125 444 623 295 251 600 259 585 177 313 607 641 543 535 50 702 739 312
360 517 221 153 553 569 825 381 406 249 730 88 768 140 535 529 699 586 339 308 686 189 643 476 462 410 371 652 760 412 0 193 266 330 433 445 630 622 335 351 724 476 542 332 580 650 200 395 485 490 625
309 594 221 110 381 417 713 242 353 225 609 162 682 92 351 523 749 405 212 219 653 127 643 514 310 490 360 685 736 224 193 0 397 175 421 525 479 456 455 204 663 328 428 458 607 599 353 218 588 610 482
323 269 228 409 642 617 776 450 351 256 704 354 686 390 655 372 463 693 408 348 541 299 462 274 530 172 274 433 597 558 266 397 0 439 312 203 668 691 70 594 611 535 533 66 375 532 74 521 222 224 648
205 558 211 285 223 244 540 69 235 189 435 329 518 267 218 422 678 263 59 113 520 153 536 452 136 468 280 603 606 125 330 175 439 0 328 498 306 291 477 307 512 153 259 485 526 458 423 82 577 615 307
123 262 218 503 441 379 467 288 100 201 404 495 374 479 484 102 350 502 270 219 252 297 221 139 333 212 63 275 327 444 433 421 312 328 0 225 413 461 297 612 304 327 260 310 198 226 356 394 314 367 384
313 71 307 569 655 601 671 480 313 316 622 529 563 546 688 229 260 713 448 386 383 401 283 108 542 35 234 232 421 623 445 525 203 498 225 0 638 682 142 729 471 539 485 154 186 396 276 577 88 142 610
346 674 455 588 134 61 281 249 329 423 177 635 321 572 206 454 713 173 291 334 445 442 523 549 169 621 412 631 519 295 630 479 668 306 413 638 0 77 681 554 377 154 155 693 569 371 678 272 727 779 37
378 724 469 562 78 82 352 248 369 438 252 617 398 548 141 512 776 99 293 346 517 440 590 599 164 662 451 694 594 251 622 456 691 291 461 682 77 0 711 505 453 156 213 722 629 443 692 239 771 820 113
335 203 266 476 669 634 763 480 355 289 699 422 666 455 688 340 398 723 440 377 506 348 417 230 555 118 272 375 554 600 335 455 70 477 297 142 681 711 0 655 584 558 538 14 324 506 144 560 151 157 658
492 798 424 199 427 499 823 374 531 424 715 277 818 212 367 713 949 422 363 396 826 329 831 715 409 694 554 883 911 259 351 204 594 307 612 729 554 505 655 0 819 428 557 657 804 765 541 291 791 811 571
366 465 502 763 485 389 227 445 320 476 239 773 104 739 554 245 408 539 458 444 104 558 219 363 429 476 359 335 150 585 724 663 611 512 304 471 377 453 584 819 0 411 274 598 311 79 660 540 546 604 340
228 587 313 438 115 93 396 95 229 281 289 482 393 420 161 397 665 174 139 189 446 289 494 466 19 516 305 584 530 177 476 328 535 153 327 539 154 156 558 428 411 0 137 568 513 374 536 137 626 673 154
210 519 340 537 221 133 286 189 183 307 187 567 261 516 285 300 563 280 217 233 316 354 379 394 155 470 266 481 398 313 542 428 533 259 260 485 155 213 538 557 274 137 0 550 416 242 553 270 574 627 124
346 214 273 475 679 645 777 489 367 297 713 420 680 455 697 354 409 732 449 386 519 353 431 244 565 131 285 387 568 607 332 458 66 485 310 154 693 722 14 657 598 568 550 0 337 520 138 568 157 158 670
321 158 390 677 623 548 531 484 295 382 505 654 412 653 673 117 153 684 468 416 211 480 101 105 521 206 250 78 237 641 580 607 375 526 198 186 569 629 324 804 311 513 416 337 0 247 443 592 243 300 535
296 396 428 696 463 371 283 394 250 403 266 702 167 672 528 168 363 521 401 379 74 489 167 288 390 399 282 285 155 543 650 599 532 458 226 396 371 443 506 765 79 374 242 520 247 0 581 495 474 532 333
342 343 223 350 637 623 811 446 377 255 732 288 728 332 641 428 536 684 402 346 597 273 526 340 528 244 308 504 658 535 200 353 74 423 356 276 678 692 144 541 660 536 553 138 443 581 0 503 295 293 662
274 635 294 323 163 212 532 108 297 271 425 380 530 310 140 483 745 191 128 190 562 231 592 525 118 547 353 668 648 50 395 218 521 82 394 577 272 239 560 291 540 137 270 568 592 495 503 0 658 696 283
398 85 378 620 742 689 752 564 401 391 708 571 641 598 773 309 267 800 530 467 451 469 344 189 628 110 321 266 479 702 485 588 222 577 314 88 727 771 151 791 546 626 574 157 243 474 295 658 0 58 698
444 142 409 633 788 739 811 606 451 426 764 578 699 612 816 367 309 845 570 507 510 497 401 247 673 157 369 319 536 739 490 610 224 615 367 142 779 820 157 811 604 673 627 158 300 532 293 696 58 0 751
325 643 441 592 161 71 256 245 304 408 149 635 287 575 234 420 677 205 286 323 407 436 487 518 172 594 387 595 482 312 625 482 648 307 384 610 37 113 658 571 340 154 124 670 535 333 662 283 698 751 0

3 1.5 0.5
50
5
5 44 20 41 9 45 88 85 95 54 92 88 57 10 75 33 50 29 21 31 90 1 87 86 22 26 99 83 72 41 69 74 84 89 16 92 34 2 75 27 55 68 15 10 75 87 42 26 16 62
133 704 498 142 625 801 449 222 730 804 645 343 701 325 730 450 586 628 509 858 824 588 712 893 332 815 706 526 297 551 570 326 795 898 429 485 655 185 743 580 333 714 503 465 526 640 745 526 716 330
1 37 6 32 7 10 34 5 85 28 9 11 48 8 8 25 4 27 12 2 50 1 86 73 19 20 74 19 22 15 4 50 34 54 1 73 9 2 57 7 17 58 7 8 41 32 19 16 11 53
367 363 412 420 363
18350 18150 20600 21000 18150
2.4 1.9 4 4.8 1.1 1.8 2.6 2.8 4.9 1.8 3.7 4.5 2.3 3.9 3.4 2.2 1.1 4.9 2.5 2.5 3.9 4.4 4.9 2.3 1.9 4.6 4.4 4.6 2.9 3.6 3.4 4.5 4.5 2.3 4.2 4.8 3.4 1.9 2.6 3.2 2.7 1.4 2.8 4.2 4.5 1.1 1.3 4.8 1.1 3.1
0 81 403 245 44 361 403 217 35 325 446 173 194 397 293 384 332 422 496 121 488 484 391 195 386 240 388 423 299 71 413 153 159 415 488 69 165 430 134 333 315 269 383 313 429 410 258 322 443 439 258
81 0 393 235 55 340 450 222 101 292 519 172 247 388 370 302 254 504 560 195 407 475 431 120 458 290 423 463 351 152 443 211 97 474 532 141 237 466 118 279 331 290 456 352 399 421 336 324 380 494 325
403 393 0 159 425 68 798 187 376 677 772 230 590 7 457 471 376 635 856 381 584 869 791 346 728 285 224 266 296 434 816 548 476 791 884 374 536 250 511 229 138 174 715 715 105 810 454 717 303 821 368
245 235 159 0 266 117 645 47 220 522 643 72 435 153 365 375 283 540 716 244 495 710 636 208 593 198 243 290 241 283 659 394 321 646 731 225 389 285 352 173 124 109 583 559 192 650 350 557 289 673 280
44 55 425 266 0 378 398 244 77 284 464 196 193 419 335 353 309 458 505 165 453 450 381 176 403 282 427 463 342 106 397 155 115 419 482 114 183 470 94 331 347 303 401 302 441 384 300 292 434 440 302
361 340 68 117 378 0 762 157 337 617 756 190 552 67 459 402 308 637 832 358 516 813 752 282 708 286 263 309 311 400 774 511 417 763 848 342 506 296 458 161 155 175 697 675 79 761 450 665 244 790 371
403 450 798 645 398 762 0 610 425 376 239 572 210 791 466 694 683 428 174 425 757 320 45 564 196 560 718 734 598 364 98 251 433 91 85 424 265 750 355 729 687 640 218 104 833 195 437 236 828 74 514
217 222 187 47 244 157 610 0 188 514 599 49 402 181 317 402 314 492 675 200 522 694 603 221 550 153 219 265 199 246 629 360 315 606 696 186 350 263 335 217 111 79 539 527 235 627 302 536 334 635 233
35 101 376 220 77 337 425 188 0 360 449 147 215 369 268 397 338 407 507 93 506 519 416 202 392 205 353 387 264 70 441 173 189 430 510 39 175 395 170 324 281 236 386 339 408 442 235 356 437 456 227
325 292 677 522 284 617 376 514 360 0 567 464 295 672 588 372 402 660 545 437 401 210 335 339 504 565 711 747 624 360 307 299 201 450 429 393 358 753 191 510 623 582 516 284 662 226 550 142 570 448 576
446 519 772 643 464 756 239 599 449 567 0 577 293 765 342 812 774 227 118 399 898 555 281 639 64 494 630 631 508 379 337 317 547 149 273 427 281 651 470 773 640 598 63 291 834 428 329 442 887 179 421
173 172 230 72 196 190 572 49 147 464 577 0 362 224 319 369 285 488 646 178 488 645 563 179 525 171 263 307 225 211 586 321 265 574 658 153 317 307 286 211 160 124 515 486 263 581 298 489 330 601 241
194 247 590 435 193 552 210 402 215 295 293 362 0 583 322 522 495 365 315 227 605 368 202 366 229 369 529 552 416 157 233 41 256 227 295 217 78 565 177 523 484 437 234 128 623 261 285 208 627 247 341
397 388 7 153 419 67 791 181 369 672 765 224 583 0 450 470 375 628 849 374 584 863 785 343 721 278 218 261 289 427 810 541 471 784 877 367 529 245 505 228 131 167 708 708 109 804 447 711 305 814 361
293 370 457 365 335 459 466 317 268 588 342 319 322 450 0 660 590 178 449 175 772 690 483 460 318 174 288 288 170 234 531 299 451 417 542 229 244 308 408 529 319 285 298 432 538 580 37 528 648 453 89
384 302 471 375 353 402 694 402 397 372 812 369 522 470 660 0 94 805 835 487 120 578 662 200 748 538 618 665 594 455 653 494 267 742 766 435 533 660 347 243 499 480 750 590 405 590 630 492 233 754 598
332 254 376 283 309 308 683 314 338 402 774 285 495 375 590 94 0 744 810 422 212 612 656 136 713 456 526 573 510 403 655 462 251 721 760 373 492 568 328 150 407 390 711 580 314 605 562 504 169 736 522
422 504 635 540 458 637 428 492 407 660 227 488 365 628 178 805 744 0 345 322 910 712 459 609 237 352 452 442 342 352 515 362 568 351 484 371 305 463 506 700 496 463 213 435 716 589 190 566 819 387 267
496 560 856 716 505 832 174 675 507 545 118 646 315 849 449 835 810 345 0 475 909 491 220 680 131 586 731 737 609 438 269 349 568 95 175 493 332 755 488 830 729 685 150 261 908 368 431 407 938 100 520
121 195 381 244 165 358 425 200 93 437 399 178 227 374 175 487 422 322 475 0 598 573 426 288 349 143 302 328 195 80 461 189 280 410 510 53 160 340 247 384 262 215 338 355 435 481 143 408 502 441 139
488 407 584 495 453 516 757 522 506 401 898 488 605 584 772 120 212 910 909 598 0 591 721 315 834 657 738 785 714 558 703 582 352 815 821 544 627 780 428 355 619 600 838 655 510 627 741 537 319 822 714
484 475 869 710 450 813 320 694 519 210 555 645 368 863 690 578 612 712 491 573 591 0 275 544 504 714 870 901 768 493 222 394 398 411 329 542 446 910 359 717 798 753 523 277 864 127 654 165 781 391 703
391 431 791 636 381 752 45 603 416 335 281 563 202 785 483 662 656 459 220 426 721 275 0 541 233 564 724 743 606 359 56 243 405 135 104 419 266 757 329 710 685 638 254 79 821 150 452 193 805 119 525
195 120 346 208 176 282 564 221 202 339 639 179 366 343 460 200 136 609 680 288 315 544 541 0 579 342 441 486 400 266 548 331 148 593 645 238 358 484 214 175 329 300 576 463 322 511 431 411 263 612 399
386 458 728 593 403 708 196 550 392 504 64 525 229 721 318 748 713 237 131 349 834 504 233 579 0 455 600 605 477 322 290 253 483 114 247 373 221 624 405 717 599 556 23 233 785 377 299 382 829 150 389
240 290 285 198 282 286 560 153 205 565 494 171 369 278 174 538 456 352 586 143 657 714 564 342 455 0 160 186 61 221 602 332 387 534 643 174 298 197 374 371 147 111 440 497 364 624 169 549 487 567 85
388 423 224 243 427 263 718 219 353 711 630 263 529 218 288 618 526 452 731 302 738 870 724 441 600 160 0 47 123 380 762 492 521 687 800 328 457 43 521 403 120 140 582 657 327 783 301 706 504 721 211
423 463 266 290 463 309 734 265 387 747 631 307 552 261 288 665 573 442 737 328 785 901 743 486 605 186 47 0 137 408 783 517 560 698 815 359 478 21 557 451 167 185 586 678 370 810 306 735 551 733 220
299 351 296 241 342 311 598 199 264 624 508 225 416 289 170 594 510 342 609 195 714 768 606 400 477 61 123 137 0 275 646 381 448 564 679 232 341 151 433 415 159 138 459 541 387 674 178 603 529 599 88
71 152 434 283 106 400 364 246 70 360 379 211 157 427 234 455 403 352 438 80 558 493 359 266 322 221 380 408 275 0 389 116 220 363 450 59 106 418 174 394 327 280 316 285 474 403 197 328 507 390 216
413 443 816 659 397 774 98 629 441 307 337 586 233 810 531 653 655 515 269 461 703 222 56 548 290 602 762 783 646 389 0 273 405 189 122 448 305 797 334 720 716 669 311 105 839 100 499 166 809 169 567
153 211 548 394 155 511 251 360 173 299 317 321 41 541 299 494 462 362 349 189 582 394 243 331 253 332 492 517 381 116 273 0 230 264 337 176 59 529 155 484 443 396 255 168 581 293 261 230 590 286 310
159 97 476 321 115 417 433 315 189 201 547 265 256 471 451 267 251 568 568 280 352 398 405 148 483 387 521 560 448 220 405 230 0 476 509 228 275 564 80 324 426 386 486 329 466 363 416 262 405 489 416
415 474 791 646 419 763 91 606 430 450 149 574 227 784 417 742 721 351 95 410 815 411 135 593 114 534 687 698 564 363 189 264 476 0 132 421 257 715 395 748 670 625 138 166 837 285 392 314 854 36 477
488 532 884 731 482 848 85 696 510 429 273 658 295 877 542 766 760 484 175 510 821 329 104 645 247 643 800 815 679 450 122 337 509 132 0 510 350 831 433 811 772 725 270 181 918 218 514 287 908 96 595
69 141 374 225 114 342 424 186 39 393 427 153 217 367 229 435 373 371 493 53 544 542 419 238 373 174 328 359 232 59 448 176 228 421 510 0 164 368 202 347 268 221 365 344 416 458 196 377 463 448 188
165 237 536 389 183 506 265 350 175 358 281 317 78 529 244 533 492 305 332 160 627 446 266 358 221 298 457 478 341 106 305 59 275 257 350 164 0 492 205 498 422 375 218 200 580 339 207 285 609 284 264
430 466 250 285 470 296 750 263 395 753 651 307 565 245 308 660 568 463 755 340 780 910 757 484 624 197 43 21 151 418 797 529 564 715 831 368 492 0 564 442 161 184 605 692 355 821 324 745 540 749 237
134 118 511 352 94 458 355 335 170 191 470 286 177 505 408 347 328 506 488 247 428 359 329 214 405 374 521 557 433 174 334 155 80 395 433 202 205 564 0 386 440 397 409 252 516 304 371 206 476 409 387
333 279 229 173 331 161 729 217 324 510 773 211 523 228 529 243 150 700 830 384 355 717 710 175 717 371 403 451 415 394 720 484 324 748 811 347 498 442 386 0 284 280 711 631 165 687 509 587 119 770 449
315 331 138 124 347 155 687 111 281 623 640 160 484 131 319 499 407 496 729 262 619 798 685 329 599 147 120 167 159 327 716 443 426 670 772 268 422 161 440 284 0 47 585 612 228 723 317 637 388 702 230
269 290 174 109 303 175 640 79 236 582 598 124 437 167 285 480 390 463 685 215 600 753 638 300 556 111 140 185 138 280 669 396 386 625 725 221 375 184 397 280 47 0 542 565 253 677 279 592 392 656 196
383 456 715 583 401 697 218 539 386 516 63 515 234 708 298 750 711 213 150 338 838 523 254 576 23 440 582 586 459 316 311 255 486 138 270 365 218 605 409 711 585 542 0 249 774 396 281 397 824 174 371
313 352 715 559 302 675 104 527 339 284 291 486 128 708 432 590 580 435 261 355 655 277 79 463 233 497 657 678 541 285 105 168 329 166 181 344 200 692 252 631 612 565 249 0 742 154 398 151 727 167 463
429 399 105 192 441 79 833 235 408 662 834 263 623 109 538 405 314 716 908 435 510 864 821 322 785 364 327 370 387 474 839 581 466 837 918 416 580 355 516 165 228 253 774 742 0 820 530 722 208 864 449
410 421 810 650 384 761 195 627 442 226 428 581 261 804 580 590 605 589 368 481 627 127 150 511 377 624 783 810 674 403 100 293 363 285 218 458 339 821 304 687 723 677 396 154 820 0 545 101 766 268 602
258 336 454 350 300 450 437 302 235 550 329 298 285 447 37 630 562 190 431 143 741 654 452 431 299 169 301 306 178 197 499 261 416 392 514 196 207 324 371 509 317 279 281 398 530 545 0 491 628 428 91
322 324 717 557 292 665 236 536 356 142 442 489 208 711 528 492 504 566 407 408 537 165 193 411 382 549 706 735 603 328 166 230 262 314 287 377 285 745 206 587 637 592 397 151 722 101 491 0 665 309 538
443 380 303 289 434 244 828 334 437 570 887 330 627 305 648 233 169 819 938 502 319 781 805 263 829 487 504 551 529 507 809 590 405 854 908 463 609 540 476 119 388 392 824 727 208 766 628 665 0 874 567
439 494 821 673 440 790 74 635 456 448 179 601 247 814 453 754 736 387 100 441 822 391 119 612 150 567 721 733 599 390 169 286 489 36 96 448 284 749 409 770 702 656 174 167 864 268 428 309 874 0 512
258 325 368 280 302 371 514 233 227 576 421 241 341 361 89 598 522 267 520 139 714 703 525 399 389 85 211 220 88 216 567 310 416 477 595 188 264 237 387 449 230 196 371 463 449 602 91 538 567 512 0

4 1.5 0.5
50
5
11 46 11 46 70 52 88 90 59 13 64 81 68 3 69 8 89 26 82 53 7 5 20 98 33 35 59 92 56 86 27 66 30 35 12 1 86 97 88 45 9 50 27 74 52 93 81 39 17 62
529 693 556 835 567 650 606 620 795 305 306 413 716 376 580 347 592 563 574 573 383 517 513 790 679 368 745 605 649 567 425 798 501 696 803 737 345 535 739 608 598 738 828 604 663 551 318 874 384 552
3 32 11 16 54 32 55 84 19 2 12 40 6 2 14 4 28 11 56 19 1 1 1 40 15 18 45 64 30 57 5 4 26 4 3 1 73 12 73 31 5 18 26 12 52 19 19 33 2 41
367 355 429 395 373
18350 17750 21450 19750 18650
1.8 1.4 3.1 2.2 3.9 1.1 1 1.8 4.9 4.6 4.7 1.1 2.9 4.3 2.6 2.7 3.2 3.7 3.7 3.9 4.6 3.4 4.6 3 3.9 2.8 2.6 2.3 4.7 1.2 2.5 1.6 1.6 4.6 2.8 4.5 4.9 2.8 1.3 4.7 2.5 1.1 4.8 4.5 4.4 2.3 2.3 2.7 5 1
0 211 443 220 475 112 342 90 225 331 197 63 274 397 49 232 164 117 413 423 274 342 286 274 444 333 301 279 434 396 180 235 365 285 417 482 494 157 338 469 264 355 435 414 431 398 135 206 409 220 473
211 0 587 19 423 221 446 272 70 517 384 272 310 597 227 68 310 310 203 434 110 434 288 211 642 479 372 231 277 608 306 433 511 353 330 682 385 193 250 379 333 144 499 264 358 598 150 418 310 408 655
443 587 0 604 917 370 162 353 636 174 259 435 316 549 480 640 286 474 769 329 567 184 725 716 581 658 712 432 857 409 584 260 78 702 503 270 576 395 779 912 682 714 215 607 484 547 436 371 521 512 160
220 19 604 0 406 237 464 285 53 531 397 279 330 600 232 50 326 314 193 453 123 452 276 196 645 475 363 249 258 616 303 445 528 344 347 694 399 211 232 360 325 135 518 276 375 601 168 426 325 410 670
475 423 917 406 0 568 813 565 353 785 661 484 710 631 437 356 638 460 440 849 526 809 192 218 660 413 254 652 250 739 354 682 839 251 752 899 798 578 174 89 261 428 893 664 782 634 533 598 730 481 923
112 221 370 237 568 0 245 78 265 299 171 156 162 471 162 269 89 217 417 311 235 240 386 356 518 440 412 184 486 433 293 226 293 396 321 470 403 61 416 551 374 358 327 346 331 471 76 251 318 313 434
342 446 162 464 813 245 0 258 502 224 212 356 155 568 388 505 180 409 616 188 412 24 627 601 608 622 637 271 722 460 510 249 113 624 344 384 421 252 661 796 603 563 113 445 328 567 297 351 361 476 295
90 272 353 285 565 78 258 0 302 248 113 100 220 394 130 308 78 157 474 364 306 261 375 364 440 380 379 261 518 356 252 160 274 365 398 409 480 140 428 560 344 415 357 424 405 394 147 173 396 245 388
225 70 636 53 353 265 502 302 0 550 415 277 374 583 225 8 352 302 202 503 176 492 226 143 628 443 320 301 221 614 274 458 559 300 400 707 452 250 179 309 283 150 563 326 429 585 204 427 379 392 690
331 517 174 531 785 299 224 248 550 0 135 303 329 375 355 556 213 327 716 411 530 246 593 602 409 490 561 431 765 244 437 103 130 554 540 177 622 347 666 794 536 657 328 613 531 373 376 205 550 347 141
197 384 259 397 661 171 212 113 415 135 0 177 248 362 225 421 95 215 584 369 406 225 469 470 405 413 452 328 630 282 324 58 185 442 454 299 538 225 534 664 423 526 325 506 452 361 247 139 458 266 276
63 272 435 279 484 156 356 100 277 303 177 0 314 334 55 284 177 61 471 461 338 360 291 300 380 284 281 335 475 337 153 200 359 269 473 439 553 210 365 490 249 414 457 477 485 335 195 149 467 160 443
274 310 316 330 710 162 155 220 374 329 248 314 0 602 324 375 161 375 466 149 260 136 538 493 647 598 573 116 587 530 455 304 255 557 210 505 294 132 546 681 534 415 188 293 205 602 177 374 221 465 434
397 597 549 600 631 471 568 394 583 375 362 334 602 0 370 592 440 287 786 731 672 584 475 541 46 221 379 655 734 160 323 319 501 385 792 363 874 532 595 680 382 731 681 810 797 3 526 227 790 191 450
49 227 480 232 437 162 388 130 225 355 225 55 324 370 0 233 207 83 423 473 305 388 245 246 416 286 252 325 420 388 130 254 402 237 462 494 538 205 311 438 215 366 482 451 477 371 179 202 452 184 496
232 68 640 50 356 269 505 308 8 556 421 284 375 592 233 0 357 311 193 503 172 494 232 147 636 451 327 299 217 621 282 465 563 308 397 713 447 252 182 310 290 141 564 320 426 594 207 434 375 400 696
164 310 286 326 638 89 180 78 352 213 95 177 161 440 207 357 0 233 505 297 317 183 450 432 485 452 457 233 573 375 330 153 207 443 360 387 444 134 494 628 422 447 280 411 361 440 163 212 364 312 346
117 310 474 314 460 217 409 157 302 327 215 61 375 287 83 311 233 0 503 521 387 414 269 297 333 223 237 394 482 315 110 223 400 228 533 443 611 270 360 477 209 447 513 531 545 288 253 142 526 102 463
413 203 769 193 440 417 616 474 202 716 584 471 466 786 423 193 505 503 0 554 205 600 390 294 830 639 499 357 201 809 474 635 697 481 390 883 404 377 286 363 467 58 646 267 424 787 341 620 362 594 851
423 434 329 453 849 311 188 364 503 411 369 461 149 731 473 503 297 521 554 0 358 165 682 631 774 745 722 205 704 640 604 417 299 705 196 572 255 277 680 813 683 512 121 323 168 730 319 505 221 608 479
274 110 567 123 526 235 412 306 176 530 406 338 260 672 305 172 317 387 205 358 0 395 399 319 719 577 480 154 348 661 404 461 497 461 226 704 275 183 352 474 441 155 442 155 256 673 159 472 203 489 659
342 434 184 452 809 240 24 261 492 246 225 360 136 584 388 494 183 414 600 165 395 0 625 596 625 630 639 252 711 480 513 265 137 626 320 408 397 242 654 790 604 548 100 423 304 583 288 364 338 486 319
286 288 725 276 192 386 627 375 226 593 469 291 538 475 245 232 450 269 390 682 399 625 0 95 511 276 115 497 270 562 167 489 648 99 614 711 673 405 126 212 94 354 714 552 640 477 363 409 596 304 731
274 211 716 196 218 356 601 364 143 602 470 300 493 541 246 147 432 297 294 631 319 596 95 0 580 359 207 435 193 608 219 501 638 189 542 737 595 361 64 196 178 260 677 468 570 543 315 438 521 357 743
444 642 581 645 660 518 608 440 628 409 405 380 647 46 416 636 485 333 830 774 719 625 511 580 0 247 410 702 773 179 363 360 537 418 838 379 921 578 633 713 417 776 721 857 843 46 573 272 836 235 473
333 479 658 475 413 440 622 380 443 490 413 284 598 221 286 451 452 223 639 745 577 630 276 359 247 0 167 612 547 354 172 398 592 178 748 544 824 490 403 469 182 592 730 730 764 225 466 287 739 147 604
301 372 712 363 254 412 637 379 320 561 452 281 573 379 252 327 457 237 499 722 480 639 115 207 410 167 0 554 384 486 128 459 637 19 682 655 749 446 240 303 40 459 735 636 704 381 410 361 667 232 692
279 231 432 249 652 184 271 261 301 431 328 335 116 655 325 299 233 394 357 205 154 252 497 435 702 612 554 0 498 607 451 386 370 536 138 608 219 125 480 610 514 310 288 182 152 656 147 433 134 495 545
434 277 857 258 250 486 722 518 221 765 630 475 587 734 420 217 573 482 201 704 348 711 270 193 773 547 384 498 0 797 412 669 780 370 566 914 594 469 144 166 364 209 776 456 599 736 424 620 540 550 906
396 608 409 616 739 433 460 356 614 244 282 337 530 160 388 621 375 315 809 640 661 480 562 608 179 354 486 607 797 0 395 226 374 487 736 202 820 494 669 774 478 751 569 779 735 157 503 190 739 258 293
180 306 584 303 354 293 510 252 274 437 324 153 455 323 130 282 330 110 474 604 404 513 167 219 363 172 128 451 412 395 0 334 509 117 585 545 657 334 276 379 99 424 610 558 603 325 304 244 573 139 572
235 433 260 445 682 226 249 160 458 103 58 200 304 319 254 465 153 223 635 417 461 265 489 501 360 398 459 386 669 226 334 0 195 451 511 249 595 282 565 691 433 576 362 564 509 318 302 111 516 252 242
