1 1 0.5
20
3
53 25 93 97 27 59 41 49 90 13 58 73 11 29 64 71 59 28 44 17
521 328 453 335 280 239 387 491 325 246 412 416 266 353 361 391 398 171 484 301
35 23 67 79 5 35 28 24 33 10 35 62 4 2 36 31 5 23 34 11
2.2 1.2 1.4 3.6 1.4 1.3 4.4 2.2 4.4 1.4 1.8 4.3 3 2.9 1.9 4.3 3.9 4.5 2.2 2
192 201 203
3840 4020 4060
0 274 189 110 165 197 140 290 246 184 215 289 211 215 277 245 282 230 88 248 257
274 0 119 345 299 233 406 486 515 281 192 496 295 476 38 224 325 483 187 510 448
189 119 0 285 180 243 329 452 412 273 219 377 178 370 102 123 218 373 104 437 329
110 345 285 0 269 182 77 180 242 140 220 349 319 232 358 355 390 257 181 166 330
165 299 180 269 0 339 268 448 274 341 340 198 54 225 281 134 123 218 162 365 149
197 233 243 182 339 0 259 264 418 55 48 486 371 398 262 358 433 418 181 338 453
140 406 329 77 268 259 0 195 169 216 296 301 321 168 413 376 391 195 227 107 292
290 486 452 180 448 264 195 0 339 210 312 495 499 354 507 533 570 383 352 170 487
246 515 412 242 274 418 169 339 0 382 449 186 323 50 511 408 378 69 328 178 204
184 281 273 140 341 55 216 210 382 0 103 469 379 367 307 380 445 390 193 288 440
215 192 219 220 340 48 296 312 449 103 0 501 365 425 223 340 423 443 178 381 465
289 496 377 349 198 486 301 495 186 469 501 0 222 148 479 318 249 120 334 353 50
211 295 178 319 54 371 321 499 323 379 365 222 0 273 270 95 71 263 190 419 171
215 476 370 232 225 398 168 354 50 367 425 148 273 0 470 359 329 29 291 204 159
277 38 102 358 281 262 413 507 511 307 223 479 270 470 0 193 295 475 188 519 430
245 224 123 355 134 358 376 533 408 380 340 318 95 359 193 0 101 353 188 481 267
282 325 218 390 123 433 391 570 378 445 423 249 71 329 295 101 0 314 253 487 201
230 483 373 257 218 418 195 383 69 390 443 120 263 29 475 353 314 0 301 233 135
88 187 104 181 162 181 227 352 328 193 178 334 190 291 188 188 253 301 0 334 293
248 510 437 166 365 338 107 170 178 288 381 353 419 204 519 481 487 233 334 0 357
257 448 329 330 149 453 292 487 204 440 465 50 171 159 430 267 201 135 293 357 0

2 1 0.5
20
3
41 58 41 95 17 21 38 93 25 8 73 7 89 57 58 67 70 85 86 90
392 455 543 375 360 309 339 578 516 362 412 440 371 370 324 426 427 508 306 432
7 20 17 16 3 17 10 86 23 2 38 6 74 55 39 54 38 12 68 7
2 4 2.1 4.5 1.6 2.3 1.4 3.7 3.2 2.2 1.7 1.9 3.6 2.2 4.7 3.8 4.2 1 4.1 3.6
247 252 209
4940 5040 4180
0 83 232 226 191 297 219 275 269 196 204 245 252 259 143 86 295 228 279 158 255
83 0 150 143 237 311 302 358 350 224 151 222 333 182 213 114 275 232 218 199 190
232 150 0 50 372 355 448 507 500 347 120 222 483 123 361 252 264 329 131 333 104
226 143 50 0 344 391 446 500 488 314 162 264 471 74 343 229 309 289 182 305 153
191 237 372 344 0 476 240 242 206 49 386 437 190 334 85 123 487 118 456 38 428
297 311 355 391 476 0 345 421 446 490 235 140 439 461 403 383 126 524 268 450 275
219 302 448 446 240 345 0 76 103 283 391 382 100 475 159 250 416 349 466 242 448
275 358 507 500 242 421 76 0 44 290 461 458 55 521 177 287 493 359 536 256 517
269 350 500 488 206 446 103 44 0 256 464 470 18 503 152 267 508 325 540 225 518
196 224 347 314 49 490 283 290 256 0 376 437 239 296 124 114 488 68 442 44 413
204 151 120 162 386 235 391 461 464 376 0 102 449 235 348 263 148 380 76 349 57
245 222 222 264 437 140 382 458 470 437 102 0 458 337 382 323 52 454 128 403 135
252 333 483 471 190 439 100 55 18 239 449 458 0 485 134 249 497 308 525 207 503
259 182 123 74 334 461 475 521 503 296 235 337 485 0 352 236 383 256 254 298 227
143 213 361 343 85 403 159 177 152 124 348 382 134 352 0 116 428 189 422 83 397
86 114 252 229 123 383 250 287 267 114 263 323 249 236 116 0 374 141 333 85 305
295 275 264 309 487 126 416 493 508 488 148 52 497 383 428 374 0 506 153 453 168
228 232 329 289 118 524 349 359 325 68 380 454 308 256 189 141 506 0 439 106 409
279 218 131 182 456 268 466 536 540 442 76 128 525 254 422 333 153 439 0 418 30
158 199 333 305 38 450 242 256 225 44 349 403 207 298 83 85 453 106 418 0 390
255 190 104 153 428 275 448 517 518 413 57 135 503 227 397 305 168 409 30 390 0

3 1 0.5
20
3
91 88 97 5 26 28 12 4 52 9 42 42 82 20 60 12 74 69 29 61
432 445 469 294 391 498 215 346 531 302 362 383 391 309 245 260 208 210 469 373
44 26 97 1 26 3 1 1 49 2 3 39 80 8 20 5 8 7 14 33
2.4 4.9 2 3 4.5 3.4 1.7 4 3.7 2 2.3 4 4.8 3.1 3.1 2.4 1.3 4.8 2.9 1.5
186 217 122
3720 4340 2440
0 250 265 132 114 236 292 126 213 268 273 113 126 219 280 109 191 131 36 286 258
250 0 161 303 228 328 175 204 95 515 325 211 264 272 456 317 220 375 282 260 366
265 161 0 239 175 437 332 295 237 485 185 294 199 149 359 367 112 395 281 104 471
132 303 239 0 75 368 399 253 305 248 161 241 41 123 160 228 129 207 111 209 388
114 228 175 75 0 340 336 208 238 311 162 200 36 106 230 223 80 229 115 174 366
236 328 437 368 340 0 222 142 235 408 503 146 360 445 506 156 406 231 259 495 38
292 175 332 399 336 222 0 175 101 548 472 189 370 414 559 297 362 376 328 424 258
126 204 295 253 208 142 175 0 125 373 369 14 234 310 406 126 267 201 161 353 176
213 95 237 305 238 235 101 125 0 480 371 136 273 313 465 250 261 320 249 324 273
268 515 485 248 311 408 548 373 480 0 385 359 286 365 226 261 377 180 234 453 405
273 325 185 161 162 503 472 369 371 385 0 361 148 59 198 380 109 368 264 92 529
113 211 294 241 200 146 189 14 136 359 361 0 224 302 394 114 261 188 147 349 177
126 264 199 41 36 360 370 234 273 286 148 224 0 99 194 231 92 225 116 179 383
219 272 149 123 106 445 414 310 313 365 59 302 99 0 210 328 52 324 214 87 472
280 456 359 160 230 506 559 406 465 226 198 394 194 210 0 352 249 299 249 287 519
109 317 367 228 223 156 297 126 250 261 380 114 231 328 352 0 301 81 117 395 167
191 220 112 129 80 406 362 267 261 377 109 261 92 52 249 301 0 309 195 94 435
131 375 395 207 229 231 376 201 320 180 368 188 225 324 299 81 309 0 115 402 233
36 282 281 111 115 259 328 161 249 234 264 147 116 214 249 117 195 115 0 289 277
286 260 104 209 174 495 424 353 324 453 92 349 179 87 287 395 94 402 289 0 525
258 366 471 388 366 38 258 176 273 405 529 177 383 472 519 167 435 233 277 525 0

4 1 0.5
20
3
90 15 81 4 9 22 79 43 97 44 20 25 95 47 74 8 60 15 37 67
475 153 377 244 478 107 388 412 321 512 459 319 426 230 341 290 467 371 485 439
67 4 18 3 7 17 18 12 64 15 16 4 58 38 15 1 8 10 37 20
3.8 3.6 2.4 1.6 1.6 2.9 3.5 1.8 4.6 2 3.1 3.4 1.1 3.2 3.2 4.1 4.9 4.6 4 2.9
153 207 120
3060 4140 2400
0 197 29 172 148 271 37 208 241 195 259 253 235 146 49 241 77 240 265 254 262
197 0 226 365 235 200 203 190 244 376 68 295 178 328 182 437 219 233 319 442 422
29 226 0 147 150 289 43 223 257 174 287 263 252 126 69 214 76 257 265 227 246
172 365 147 0 268 430 186 361 308 53 430 283 394 54 185 72 204 316 366 173 139
148 235 150 268 0 177 111 106 378 310 267 398 146 267 192 319 73 374 116 248 390
271 200 289 430 177 0 246 71 431 463 179 472 36 416 294 489 227 422 177 425 533
37 203 43 186 111 246 0 180 276 217 258 290 210 169 85 250 39 275 227 239 289
208 190 223 361 106 71 180 0 395 396 195 430 40 349 238 418 157 387 135 354 469
241 244 257 308 378 431 276 395 0 281 304 61 401 254 191 372 315 15 492 462 274
195 376 174 53 310 463 217 396 281 0 443 248 427 49 194 93 241 291 413 224 86
259 68 287 430 267 179 258 195 304 443 0 358 169 394 249 500 267 291 330 493 491
253 295 263 283 398 472 290 430 61 248 358 0 440 230 205 341 330 76 515 448 225
235 178 252 394 146 36 210 40 401 427 169 440 0 379 258 454 191 392 166 395 497
146 328 126 54 267 416 169 349 254 49 394 230 379 0 145 121 196 262 375 221 122
49 182 69 185 192 294 85 238 191 194 249 205 258 145 0 257 125 190 309 294 247
241 437 214 72 319 489 250 418 372 93 500 341 454 121 257 0 262 381 405 157 153
77 219 76 204 73 227 39 157 315 241 267 330 191 196 125 262 0 314 189 226 319
240 233 257 316 374 422 275 387 15 291 291 76 392 262 190 381 314 0 487 467 287
265 319 265 366 116 177 227 135 492 413 330 515 166 375 309 405 189 487 0 295 497
254 442 227 173 248 425 239 354 462 224 493 448 395 221 294 157 226 467 295 0 303
262 422 246 139 390 533 289 469 274 86 491 225 497 122 247 153 319 287 497 303 0

5 1 0.5
20
3
39 68 85 99 96 16 51 36 43 32 99 98 83 49 86 2 20 12 49 99
540 473 459 413 524 235 191 261 571 502 515 265 560 595 608 173 257 229 456 331
12 49 48 3 96 12 50 4 13 2 5 52 62 48 55 1 14 7 32 65
2 2.1 3.2 2.1 4.9 4.4 2.4 3.3 3.9 4.6 4.2 4.8 2.1 3.8 2 4.7 1.6 1.6 2.7 4.1
249 295 134
4980 5900 2680
0 212 272 182 290 130 149 68 114 242 233 247 92 275 266 255 121 176 84 199 106
212 0 296 274 355 342 360 202 97 454 134 356 148 361 397 50 333 362 296 251 279
272 296 0 449 556 324 334 203 266 406 412 519 316 97 174 294 326 250 304 72 376
182 274 449 0 107 236 249 248 210 313 191 82 144 458 442 324 224 330 206 378 107
290 355 556 107 0 329 340 355 307 388 242 73 244 565 547 403 318 430 306 485 205
130 342 324 236 329 0 18 160 244 112 352 265 214 286 238 384 12 108 45 258 129
149 360 334 249 340 18 0 177 263 94 370 274 232 291 239 402 29 106 64 269 143
68 202 203 248 355 160 177 0 115 269 262 315 131 213 217 236 156 160 122 131 174
114 97 266 210 307 244 263 115 0 357 152 291 66 308 327 142 236 272 199 204 189
242 454 406 313 388 112 94 269 357 0 457 316 322 346 278 496 121 157 157 347 215
233 134 412 191 242 352 370 262 152 457 0 264 141 460 479 173 341 409 308 355 247
247 356 519 82 73 265 274 315 291 316 264 0 224 518 491 406 254 369 248 447 149
92 148 316 144 244 214 232 131 66 322 141 224 0 343 347 198 203 267 169 248 131
275 361 97 458 565 286 291 213 308 346 460 518 343 0 82 369 291 191 279 110 368
266 397 174 442 547 238 239 217 327 278 479 491 347 82 0 415 246 132 244 160 342
255 50 294 324 403 384 402 236 142 496 173 406 198 369 415 0 376 394 339 260 328
121 333 326 224 318 12 29 156 236 121 341 254 203 291 246 376 0 117 36 258 117
176 362 250 330 430 108 106 160 272 157 409 369 267 191 132 394 117 0 124 197 225
84 296 304 206 306 45 64 122 199 157 308 248 169 279 244 339 36 124 0 234 101
199 251 72 378 485 258 269 131 204 347 355 447 248 110 160 260 258 197 234 0 303
106 279 376 107 205 129 143 174 189 215 247 149 131 368 342 328 117 225 101 303 0

1 1 1
20
3
33 90 92 65 32 39 1 46 76 1 90 28 61 46 19 52 87 98 65 23
176 582 525 254 563 410 529 376 510 264 345 367 195 508 339 515 434 464 566 527
27 54 21 45 5 30 1 13 34 1 22 20 23 45 8 31 72 51 32 2
4.3 3 3.4 1.5 2.9 1.9 1.1 2.9 2.7 3.5 4.4 1.1 2.7 3.2 4.6 3.5 4.2 4.6 1.1 3.9
209 148 200
4180 2960 4000
0 22 293 267 147 272 163 295 80 247 197 142 198 50 283 176 270 267 246 290 270
22 0 292 269 141 251 173 276 77 231 203 158 188 71 303 198 279 245 246 274 268
293 292 0 39 431 302 170 488 215 200 121 224 471 324 325 320 558 431 47 212 24
267 269 39 0 410 312 133 483 192 212 84 187 452 295 286 282 527 428 29 231 33
147 141 431 410 0 311 310 214 217 333 343 284 58 148 402 285 186 218 386 372 407
272 251 302 312 311 0 325 229 233 102 313 352 312 323 510 431 495 166 284 108 285
163 173 170 133 310 325 0 434 113 248 49 54 361 175 189 151 402 391 126 284 152
295 276 488 483 214 229 434 0 320 311 447 432 171 327 579 469 381 62 454 332 466
80 77 215 192 217 233 113 320 0 183 132 122 261 122 280 198 350 278 169 225 191
247 231 200 212 333 102 248 311 183 0 226 285 351 296 437 376 504 250 185 43 184
197 203 121 84 343 313 49 447 132 226 0 103 391 217 221 199 447 399 78 257 104
142 158 224 187 284 352 54 432 122 285 103 0 338 139 158 98 356 395 180 324 206
198 188 471 452 58 312 361 171 261 351 391 338 0 204 460 343 210 190 427 387 446
50 71 324 295 148 323 175 327 122 296 217 139 204 0 257 143 233 305 277 339 302
283 303 325 286 402 510 189 579 280 437 221 158 460 257 0 117 407 548 294 473 316
176 198 320 282 285 431 151 469 198 376 199 98 343 143 117 0 301 444 277 416 303
270 279 558 527 186 495 402 381 350 504 447 356 210 233 407 301 0 399 510 546 535
267 245 431 428 218 166 391 62 278 250 399 395 190 305 548 444 399 0 399 270 409
246 246 47 29 386 284 126 454 169 185 78 180 427 277 294 277 510 399 0 206 26
290 274 212 231 372 108 284 332 225 43 257 324 387 339 473 416 546 270 206 0 200
270 268 24 33 407 285 152 466 191 184 104 206 446 302 316 303 535 409 26 200 0

2 1 1
20
3
26 6 17 70 97 28 64 41 8 86 27 92 43 88 16 11 20 98 31 76
396 447 426 381 464 270 525 397 438 610 376 318 373 498 239 268 493 423 364 431
4 1 2 37 85 19 29 7 6 15 27 28 12 70 8 8 6 21 22 62
2.8 1.8 2.2 5 1.4 5 2.4 2 1.9 1.7 4 4.8 5 1.7 2 1 4.9 1.3 1.1 1.1
231 198 210
4620 3960 4200
0 125 279 259 128 251 161 239 199 209 299 125 126 170 235 173 38 232 146 245 244
125 0 347 362 190 126 185 324 77 84 390 155 176 289 274 167 147 242 128 158 162
279 347 0 117 158 441 169 58 381 398 83 403 170 331 500 204 304 509 234 503 321
259 362 117 0 181 475 221 70 415 431 58 370 199 248 445 262 271 467 279 503 386
128 190 158 181 0 296 56 133 236 252 200 253 18 241 361 93 160 360 100 344 212
251 126 441 475 296 0 271 429 60 44 496 254 279 412 357 239 272 309 206 149 157
161 185 169 221 56 271 0 163 212 229 229 280 42 294 395 41 198 387 65 343 165
239 324 58 70 133 429 163 0 368 385 67 360 150 274 450 203 260 464 225 474 326
199 77 381 415 236 60 212 368 0 17 436 225 219 365 339 181 224 298 147 167 119
209 84 398 431 252 44 229 385 17 0 452 226 235 373 337 198 232 294 164 154 133
299 390 83 58 200 496 229 67 436 452 0 415 217 305 497 268 315 516 292 538 391
125 155 403 370 253 254 280 360 225 226 415 0 250 190 121 283 100 107 249 173 316
126 176 170 199 18 279 42 150 219 235 217 250 0 251 361 76 161 357 81 332 193
170 289 331 248 241 412 294 274 365 373 305 190 251 0 213 321 141 253 305 363 411
235 274 500 445 361 357 395 450 339 337 497 121 361 213 0 402 200 61 369 239 436
173 167 204 262 93 239 41 203 181 198 268 283 76 321 402 0 211 387 39 325 123
38 147 304 271 160 272 198 260 224 232 315 100 161 141 200 211 0 204 185 244 279
232 242 509 467 360 309 387 464 298 294 516 107 357 253 61 387 204 0 351 181 405
146 128 234 279 100 206 65 225 147 164 292 249 81 305 369 39 185 351 0 286 114
245 158 503 503 344 149 343 474 167 154 538 173 332 363 239 325 244 181 286 0 287
244 162 321 386 212 157 165 326 119 133 391 316 193 411 436 123 279 405 114 287 0

3 1 1
20
3
89 19 26 22 4 64 74 77 46 43 62 37 66 77 25 81 10 47 82 34
421 143 359 396 445 251 472 310 410 433 363 363 426 528 272 247 294 520 412 387
55 16 17 18 1 9 66 4 3 31 56 33 50 14 3 70 4 20 78 7
3.9 1.6 2.1 1.2 2.9 2.9 4.8 1.8 3.9 4.3 3.1 1 3.7 4 1.5 1.8 3.7 4.9 2 3.4
187 140 233
3740 2800 4660
0 76 40 224 266 294 39 234 149 274 218 203 213 228 252 180 111 188 295 236 285
76 0 94 257 336 275 67 226 95 322 186 173 147 294 196 162 132 114 220 269 349
40 94 0 184 242 334 29 274 181 236 194 178 210 245 284 152 74 194 302 272 254
224 257 184 0 198 517 198 458 352 87 190 180 289 365 452 153 124 306 397 441 167
266 336 242 198 0 524 270 457 415 140 366 352 434 253 517 320 244 431 537 385 55
294 275 334 517 524 0 320 67 190 565 454 443 371 330 155 436 398 319 364 183 558
39 67 29 198 270 320 0 264 158 258 179 163 183 264 260 141 78 166 274 275 281
234 226 274 458 457 67 264 0 156 502 412 400 341 267 161 389 342 290 354 129 491
149 95 181 352 415 190 158 156 0 416 264 254 185 315 103 249 228 135 210 239 434
274 322 236 87 140 565 258 502 416 0 277 268 373 360 518 239 195 387 482 463 94
218 186 194 190 366 454 179 412 264 277 0 16 118 439 340 47 136 157 220 450 349
203 173 178 180 352 443 163 400 254 268 16 0 118 423 333 32 120 153 223 435 337
213 147 210 289 434 371 183 341 185 373 118 118 0 440 237 137 191 52 108 410 430
228 294 245 365 253 330 264 267 315 360 439 423 440 0 391 395 309 408 510 154 304
252 196 284 452 517 155 260 161 103 518 340 333 237 391 0 335 327 187 211 282 537
180 162 152 153 320 436 141 389 249 239 47 32 137 395 335 0 89 164 245 416 306
111 132 74 124 244 398 78 342 228 195 136 120 191 309 327 89 0 194 296 346 240
188 114 194 306 431 319 166 290 135 387 157 153 52 408 187 164 194 0 108 365 433
295 220 302 397 537 364 274 354 210 482 220 223 108 510 211 245 296 108 0 450 536
236 269 272 441 385 183 275 129 239 463 450 435 410 154 282 416 346 365 450 0 429
285 349 254 167 55 558 281 491 434 94 349 337 430 304 537 306 240 433 536 429 0

4 1 1
20
3
83 83 73 84 85 61 46 28 24 15 84 28 56 49 3 53 95 86 89 80
596 675 598 448 412 283 338 452 313 466 649 425 472 283 394 135 470 563 424 591
61 49 6 31 15 11 18 16 19 6 53 3 24 20 2 19 35 47 19 7
2.6 1.5 2.6 3.4 1.5 2.5 1.9 1.9 4.3 2 3.6 4.5 2.4 3.7 4.8 4.4 2.5 3.2 2.8 1.5
198 168 152
3960 3360 3040
0 299 279 287 220 269 103 86 263 89 255 239 279 182 205 295 68 197 143 141 259
299 0 496 275 500 358 370 286 539 326 185 520 427 473 504 410 275 122 423 358 41
279 496 0 292 139 544 177 227 400 197 344 147 536 319 249 561 247 439 162 397 465
287 275 292 0 367 512 269 206 539 230 90 386 548 451 431 552 218 293 314 421 263
220 500 139 367 0 452 130 214 264 175 389 20 429 190 112 459 225 413 78 299 463
269 358 544 512 452 0 366 347 301 358 444 465 81 295 377 52 325 248 389 153 327
103 370 177 269 130 366 0 86 277 47 271 150 364 188 162 386 95 286 53 223 332
86 286 227 206 214 347 86 0 334 39 190 235 364 246 242 377 22 213 140 227 250
263 539 400 539 264 301 277 334 0 310 517 263 238 89 152 279 324 420 252 189 499
89 326 197 230 175 358 47 39 310 0 225 195 366 221 206 384 53 248 100 226 289
255 185 344 90 389 444 271 190 517 225 0 409 490 433 432 488 194 210 323 375 173
239 520 147 386 20 465 150 235 263 195 409 0 438 194 111 470 245 433 98 311 483
279 427 536 548 429 81 364 364 238 366 490 438 0 252 339 41 344 310 375 141 393
182 473 319 451 190 295 188 246 89 221 433 194 252 0 87 288 239 358 165 151 432
205 504 249 431 112 377 162 242 152 206 432 111 339 87 0 373 242 399 119 226 464
295 410 561 552 459 52 386 377 279 384 488 470 41 288 373 0 356 298 401 163 378
68 275 247 218 225 325 95 22 324 53 194 245 344 239 242 356 0 195 148 208 237
197 122 439 293 413 248 286 213 420 248 210 433 310 358 399 298 195 0 335 236 84
143 423 162 314 78 389 53 140 252 100 323 98 375 165 119 401 148 335 0 238 385
141 358 397 421 299 153 223 227 189 226 375 311 141 151 226 163 208 236 238 0 319
259 41 465 263 463 327 332 250 499 289 173 483 393 432 464 378 237 84 385 319 0

5 1 1
20
3
1 59 67 45 34 14 40 93 50 36 59 14 65 28 46 45 28 97 64 77
281 437 459 505 110 271 500 425 264 352 439 347 212 509 476 554 360 385 381 445
1 59 4 42 22 7 29 13 20 13 51 11 59 28 23 19 22 90 64 36
4.6 1.3 1.7 4 4.5 1.1 2.1 1.8 4.6 2.5 2.4 1.9 4.4 2.2 3.3 1.4 3 4.6 1.7 3.6
287 158 242
5740 3160 4840
0 34 276 204 276 66 184 289 120 205 174 266 258 124 281 162 260 276 174 248 281
34 0 297 171 274 55 195 305 129 234 142 299 267 157 252 188 244 265 145 226 311
276 297 0 449 538 343 123 39 178 110 430 172 111 191 544 346 293 257 439 326 390
204 171 449 0 277 160 331 448 271 402 37 470 389 328 103 320 275 321 60 233 448
276 274 538 277 0 219 460 557 397 443 248 461 535 351 246 220 505 535 220 475 299
66 55 343 160 219 0 248 355 182 269 125 322 320 182 223 164 293 318 117 271 291
184 195 123 331 460 248 0 117 66 140 315 230 74 157 429 303 185 162 328 210 385
289 305 39 448 557 355 117 0 179 145 432 212 82 217 546 373 269 228 444 306 425
120 129 178 271 397 182 66 179 0 153 252 240 138 129 367 255 183 179 264 193 351
205 234 110 402 443 269 140 145 153 0 376 90 182 92 487 239 323 302 379 342 280
174 142 430 37 248 125 315 432 252 376 0 440 378 298 114 283 282 324 28 243 410
266 299 172 470 461 322 230 212 240 90 440 0 265 142 545 243 413 392 438 431 239
258 267 111 389 535 320 74 82 138 182 378 265 0 224 490 375 188 146 393 226 449
124 157 191 328 351 182 157 217 129 92 298 142 224 0 404 156 312 307 297 319 227
281 252 544 103 246 223 429 546 367 487 114 545 490 404 0 360 376 423 107 332 481
162 188 346 320 220 164 303 373 255 239 283 243 375 156 360 0 420 430 268 411 127
260 244 293 275 505 293 185 269 183 323 282 413 188 312 376 420 0 53 307 48 529
276 265 257 321 535 318 162 228 179 302 324 392 146 307 423 430 53 0 347 100 531
174 145 439 60 220 117 328 444 264 379 28 438 393 297 107 268 307 347 0 269 394
248 226 326 233 475 271 210 306 193 342 243 431 226 319 332 411 48 100 269 0 526
281 311 390 448 299 291 385 425 351 280 410 239 449 227 481 127 529 531 394 526 0

1 1 1.5
20
3
43 67 30 41 78 79 89 77 89 33 19 59 66 1 18 66 80 66 41 48
288 522 143 385 509 427 499 480 335 409 253 579 512 221 346 432 534 604 351 196
3 10 8 30 21 13 66 68 79 20 19 44 28 1 16 59 33 37 32 14
3.4 2.3 4.2 4.4 3.2 4 4.1 3.3 3.9 1 4.5 1.4 3.7 3.1 2.1 4.8 3.1 3.7 1.7 2.8
244 138 263
4880 2760 5260
0 92 273 77 130 136 252 276 198 115 265 96 211 260 186 165 254 140 293 264 117
92 0 276 89 204 213 205 307 289 64 356 185 301 332 238 257 167 207 210 179 209
273 276 0 202 215 225 481 90 386 340 434 269 405 241 149 344 290 403 283 284 296
77 89 202 0 126 137 291 220 254 146 317 130 269 249 149 214 209 217 239 216 159
130 204 215 126 0 12 382 178 171 244 222 62 190 130 76 129 334 211 360 339 83
136 213 225 137 12 0 387 185 161 251 211 59 180 123 83 119 345 208 372 351 76
252 205 481 291 382 387 0 512 389 145 449 339 391 511 433 375 274 255 323 290 349
276 307 90 220 178 185 512 0 340 367 378 240 359 161 102 301 360 387 361 357 261
198 289 386 254 171 161 389 340 0 293 67 127 18 218 241 42 452 137 489 462 96
115 64 340 146 244 251 145 367 293 0 359 210 301 374 290 267 198 184 247 212 227
265 356 434 317 222 211 449 378 67 359 0 188 58 236 285 103 518 194 555 528 158
96 185 269 130 62 59 339 240 127 210 188 0 144 176 138 85 336 149 369 344 30
211 301 405 269 190 180 391 359 18 301 58 144 0 235 260 60 465 137 503 475 113
260 332 241 249 130 123 511 161 218 374 236 176 235 0 114 190 446 314 463 448 178
186 238 149 149 76 83 433 102 241 290 285 138 260 114 0 201 334 285 350 336 159
165 257 344 214 129 119 375 301 42 267 103 85 60 190 201 0 416 135 452 425 55
254 167 290 209 334 345 274 360 452 198 518 336 465 446 334 416 0 373 50 15 364
140 207 403 217 211 208 255 387 137 184 194 149 137 314 285 135 373 0 418 386 136
293 210 283 239 360 372 323 361 489 247 555 369 503 463 350 452 50 418 0 34 398
264 179 284 216 339 351 290 357 462 212 528 344 475 448 336 425 15 386 34 0 372
117 209 296 159 83 76 349 261 96 227 158 30 113 178 159 55 364 136 398 372 0

2 1 1.5
20
3
42 19 98 57 35 75 49 6 25 25 67 33 51 36 12 53 95 39 82 85
473 183 240 428 424 628 292 415 259 322 577 187 403 435 341 340 456 396 521 495
10 9 23 47 24 68 5 4 9 14 41 29 37 28 2 13 60 28 75 39
4.2 2.2 4.4 3.6 1.1 2.5 2.9 3 4.4 3.5 3.6 2.9 3.9 4.9 1.4 4 2.5 1.8 3.1 1.1
242 251 237
4840 5020 4740
0 219 115 117 254 208 209 140 214 168 177 278 57 265 286 155 158 271 209 296 221
219 0 285 125 236 417 427 356 153 112 229 285 184 147 489 193 68 452 365 116 384
115 285 0 218 368 243 178 112 322 270 292 211 106 269 207 269 216 169 95 324 109
117 125 218 0 168 295 322 256 106 52 122 311 113 230 403 85 94 383 311 230 327
254 236 368 168 0 342 419 369 82 134 85 479 275 377 522 99 247 521 464 351 476
208 417 243 295 342 0 123 139 352 333 260 454 263 473 240 270 363 285 294 504 290
209 427 178 322 419 123 0 72 406 371 333 383 247 444 118 329 363 164 193 491 184
140 356 112 256 369 139 72 0 346 306 284 323 175 373 153 274 291 165 154 419 153
214 153 322 106 82 352 406 346 0 59 102 406 219 295 498 82 169 485 417 268 431
168 112 270 52 134 333 371 306 59 0 117 347 164 244 455 82 112 436 363 227 378
177 229 292 122 85 260 333 284 102 117 0 427 209 352 437 37 215 439 387 343 397
278 285 211 311 479 454 383 323 406 347 427 0 226 164 369 393 239 297 207 239 226
57 184 106 113 275 263 247 175 219 164 209 226 0 210 305 178 117 275 198 246 214
265 147 269 230 377 473 444 373 295 244 352 164 210 0 470 314 136 413 318 74 338
286 489 207 403 522 240 118 153 498 455 437 369 305 470 0 427 421 80 161 530 143
155 193 269 85 99 270 329 274 82 82 37 393 178 314 427 0 177 423 364 306 377
158 68 216 94 247 363 363 291 169 112 215 239 117 136 421 177 0 384 297 142 316
271 452 169 383 521 285 164 165 485 436 439 297 275 413 80 423 384 0 95 478 74
209 365 95 311 464 294 193 154 417 363 387 207 198 318 161 364 297 95 0 383 20
296 116 324 230 351 504 491 419 268 227 343 239 246 74 530 306 142 478 383 0 404
221 384 109 327 476 290 184 153 431 378 397 226 214 338 143 377 316 74 20 404 0

3 1 1.5
20
3
61 88 39 60 11 38 94 1 60 11 95 69 11 29 37 34 1 66 40 58
246 455 426 535 332 480 359 508 251 320 424 454 251 333 541 438 396 501 432 415
28 75 29 33 2 13 41 1 42 6 12 42 1 19 24 22 1 57 40 7
3.7 1.8 2.7 1.6 4.7 2.3 3.3 4.4 1.1 1.9 3.9 2.5 2.8 2.5 3.1 2.9 4.2 1.9 1.8 1.4
168 211 140
3360 4220 2800
0 101 259 218 215 296 272 181 246 107 182 287 280 100 151 226 216 294 224 294 195
101 0 358 312 316 201 265 238 347 43 112 214 354 52 116 315 313 393 242 293 156
259 358 0 184 95 556 464 204 123 367 438 490 156 335 394 212 46 150 396 369 433
218 312 184 0 89 476 309 298 72 298 346 505 316 318 291 27 178 97 238 461 317
215 316 95 89 0 503 378 234 43 315 377 483 232 308 328 117 92 90 308 404 361
296 201 556 476 503 0 275 434 526 189 130 263 553 241 187 470 512 568 303 443 177
272 265 464 309 378 275 0 453 379 222 182 462 539 314 150 289 435 404 70 553 118
181 238 204 298 234 434 453 0 278 269 347 299 121 193 328 319 163 324 400 169 373
246 347 123 72 43 526 379 278 0 341 398 522 270 343 346 97 131 49 308 447 376
107 43 367 298 315 189 222 269 341 0 78 251 380 94 72 297 324 385 201 335 113
182 112 438 346 377 130 182 347 398 78 0 281 458 165 57 340 397 439 188 402 64
287 214 490 505 483 263 462 299 522 251 281 0 414 188 316 514 444 571 452 216 344
280 354 156 316 232 553 539 121 270 380 458 414 0 312 431 343 140 304 478 243 475
100 52 335 318 308 241 314 193 343 94 165 188 312 0 166 326 290 391 285 241 208
151 116 394 291 328 187 150 328 346 72 57 316 431 166 0 283 356 385 138 407 44
226 315 212 27 117 470 289 319 97 297 340 514 343 326 283 0 205 114 219 480 306
216 313 46 178 92 512 435 163 131 324 397 444 140 290 356 205 0 169 369 331 396
294 393 150 97 90 568 404 324 49 385 439 571 304 391 385 114 169 0 334 493 413
224 242 396 238 308 303 70 400 308 201 188 452 478 285 138 219 369 334 0 515 128
294 293 369 461 404 443 553 169 447 335 402 216 243 241 407 480 331 493 515 0 449
195 156 433 317 361 177 118 373 376 113 64 344 475 208 44 306 396 413 128 449 0

4 1 1.5
20
3
71 9 21 37 39 67 49 95 1 46 36 64 85 31 67 56 75 16 7 81
393 139 300 389 366 455 387 313 472 548 414 535 483 421 539 369 501 192 409 382
10 3 2 2 12 64 19 34 1 7 30 53 47 17 21 12 48 7 7 60
1.6 2.7 1.5 3.7 2.7 4.3 4.3 4.6 3.9 4.3 2.7 2.6 3.3 1.6 3.1 1.1 3.5 1.4 1.3 1.4
120 188 165
2400 3760 3300
0 244 77 203 287 220 290 186 198 136 267 276 162 160 203 247 200 288 142 175 228
244 0 174 198 485 315 315 401 418 375 503 501 332 214 427 37 302 95 334 85 46
77 174 0 142 322 253 303 231 273 213 328 352 219 110 279 184 234 234 206 99 153
203 198 142 0 322 394 436 264 399 328 381 472 360 50 403 229 375 290 344 126 153
287 485 322 322 0 482 566 103 341 271 133 361 395 282 334 503 464 556 364 400 450
220 315 253 394 482 0 91 380 198 225 413 266 95 363 211 290 20 286 125 302 332
290 315 303 436 566 91 0 462 289 315 503 353 186 413 302 283 106 260 215 326 343
186 401 231 264 103 380 462 0 252 176 117 288 294 217 247 414 361 464 263 318 370
198 418 273 399 341 198 289 252 0 80 239 83 108 353 13 408 187 430 90 365 414
136 375 213 328 271 225 315 176 80 0 188 143 130 279 79 372 209 403 99 311 363
267 503 328 381 133 413 503 117 239 188 0 238 319 332 229 511 397 555 288 423 476
276 501 352 472 361 266 353 288 83 143 238 0 186 423 74 492 259 513 172 446 496
162 332 219 360 395 95 186 294 108 130 319 186 0 320 121 317 81 330 31 295 337
160 214 110 50 282 363 413 217 353 279 332 423 320 0 355 239 343 299 302 132 173
203 427 279 403 334 211 302 247 13 79 229 74 121 355 0 418 200 441 101 372 421
247 37 184 229 503 290 283 414 408 372 511 492 317 239 418 0 279 60 322 107 81
200 302 234 375 464 20 106 361 187 209 397 259 81 343 200 279 0 279 109 286 318
288 95 234 290 556 286 260 464 430 403 555 513 330 299 441 60 279 0 341 167 141
142 334 206 344 364 125 215 263 90 99 288 172 31 302 101 322 109 341 0 289 334
175 85 99 126 400 302 326 318 365 311 423 446 295 132 372 107 286 167 289 0 53
228 46 153 153 450 332 343 370 414 363 476 496 337 173 421 81 318 141 334 53 0

5 1 1.5
20
3
43 38 2 33 41 36 18 92 9 77 60 35 6 63 16 42 5 50 27 48
341 336 372 317 263 326 166 399 333 602 540 379 350 328 383 248 385 423 442 502
23 33 2 20 41 15 11 45 8 19 18 32 4 17 10 28 4 1 10 47
3.7 2.9 4.4 4.2 3.6 1.9 3.2 3 1.3 3.3 1.8 1.5 3.1 3.1 4.9 2.7 1.3 3.4 2.8 2.2
171 128 147
3420 2560 2940
0 120 233 173 158 56 75 122 198 225 296 255 271 144 63 215 64 202 174 259 286
120 0 160 242 252 174 161 158 205 342 342 333 355 71 59 252 61 222 134 372 320
233 160 0 393 281 287 300 164 366 450 279 319 346 94 200 202 175 164 69 488 481
173 242 393 0 289 145 98 295 110 182 453 389 396 299 193 382 219 373 343 188 126
158 252 281 289 0 148 208 118 348 223 171 100 113 232 211 128 191 146 212 264 415
56 174 287 145 148 0 61 156 201 169 307 249 260 200 116 237 121 232 225 203 268
75 161 300 98 208 61 0 197 140 190 363 309 321 207 104 287 125 276 246 216 213
122 158 164 295 118 156 197 0 315 300 186 178 203 119 141 98 110 79 95 340 409
198 205 366 110 348 201 140 315 0 290 494 448 461 275 180 412 212 393 332 299 119
225 342 450 182 223 169 190 300 290 0 389 298 293 368 283 349 290 359 384 41 287
296 342 279 453 171 307 363 186 494 389 0 99 120 288 326 89 296 123 233 430 576
255 333 319 389 100 249 309 178 448 298 99 0 27 297 302 120 277 156 258 338 515
271 355 346 396 113 260 321 203 461 293 120 27 0 322 321 148 298 184 285 332 522
144 71 94 299 232 200 207 119 275 368 288 297 322 0 105 199 82 165 64 403 388
63 59 200 193 211 116 104 141 180 283 326 302 321 105 0 240 32 217 154 313 286
215 252 202 382 128 237 287 98 412 349 89 120 148 199 240 0 209 38 148 391 501
64 61 175 219 191 121 125 110 212 290 296 277 298 82 32 209 0 185 125 323 317
202 222 164 373 146 232 276 79 393 359 123 156 184 165 217 38 185 0 111 401 488
174 134 69 343 212 225 246 95 332 384 233 258 285 64 154 148 125 111 0 423 441
259 372 488 188 264 203 216 340 299 41 430 338 332 403 313 391 323 401 423 0 279
286 320 481 126 415 268 213 409 119 287 576 515 522 388 286 501 317 488 441 279 0

1 1 2
20
3
97 8 89 94 23 23 65 86 28 11 67 40 92 37 38 99 9 92 41 33
583 337 434 469 391 451 393 578 442 232 493 339 619 593 439 644 364 283 286 534
25 3 26 55 16 6 42 37 21 2 47 29 23 10 9 71 1 28 30 9
3.8 3.8 3.3 1.5 1.7 2.5 4.4 3.5 3 2.5 3.9 4.9 2 1.9 4.6 2.4 3.8 2.8 4.6 2.7
215 216 128
4300 4320 2560
0 154 241 41 187 284 174 256 255 213 191 208 223 247 249 264 246 174 72 88 211
154 0 176 128 287 408 219 347 384 366 200 318 257 142 95 187 276 55 140 229 89
241 176 0 200 423 366 379 490 496 402 99 276 149 63 191 361 444 122 174 330 102
41 128 200 0 227 286 204 295 297 240 153 202 192 206 221 267 275 139 35 130 174
187 287 423 227 0 393 96 69 112 244 378 349 405 416 370 267 126 331 259 115 370
284 408 366 286 393 0 435 449 373 169 266 93 224 416 491 549 501 395 267 290 415
174 219 379 204 96 435 0 135 209 309 356 374 395 359 290 170 71 270 239 147 308
256 347 490 295 69 449 135 0 110 291 447 412 474 480 424 295 126 393 328 182 433
255 384 496 297 112 373 209 110 0 205 433 356 447 500 472 380 228 421 323 166 460
213 366 402 240 244 169 309 291 205 0 312 175 301 431 461 456 365 377 243 167 410
191 200 99 153 378 266 356 447 433 312 0 176 59 152 253 384 426 160 119 271 164
208 318 276 202 349 93 374 412 356 175 176 0 141 323 399 469 443 302 179 236 322
223 257 149 192 405 224 395 474 447 301 59 141 0 207 313 438 467 220 156 293 224
247 142 63 206 416 416 359 480 500 431 152 323 207 0 132 315 418 88 191 335 53
249 95 191 221 370 491 290 424 472 461 253 399 313 132 0 197 334 96 227 323 91
264 187 361 267 267 549 170 295 380 456 384 469 438 315 197 0 175 239 296 288 263
246 276 444 275 126 501 71 126 228 365 426 443 467 418 334 175 0 330 310 211 366
174 55 122 139 331 395 270 393 421 377 160 302 220 88 96 239 330 0 136 259 39
72 140 174 35 259 267 239 328 323 243 119 179 156 191 227 296 310 136 0 156 166
88 229 330 130 115 290 147 182 166 167 271 236 293 335 323 288 211 259 156 0 297
211 89 102 174 370 415 308 433 460 410 164 322 224 53 91 263 366 39 166 297 0

2 1 2
20
3
79 26 97 30 13 13 99 54 68 19 82 17 95 98 25 64 36 38 70 14
491 528 433 324 359 432 486 584 459 595 425 448 598 353 347 540 304 541 481 505
46 8 1 17 3 2 15 47 21 19 71 5 46 89 5 6 17 12 68 10
4.9 2.1 3.7 1.3 3.2 1.2 1.2 2.5 2.4 4.6 1.6 4.2 2.7 2.7 1.2 4.3 4.7 4.9 1.3 1
227 206 157
4540 4120 3140
0 172 296 234 260 207 256 211 247 286 254 200 299 260 198 267 287 99 245 143 294
172 0 191 377 340 372 157 117 218 409 319 134 451 432 324 304 399 263 246 193 450
296 191 0 529 296 435 336 304 409 399 267 96 479 511 339 226 379 395 437 201 590
234 377 529 0 434 248 372 346 296 401 441 434 344 222 338 470 416 139 262 364 81
260 340 296 434 0 219 483 437 500 109 30 237 209 297 100 78 85 308 505 147 458
207 372 435 248 219 0 460 417 432 156 238 343 104 80 120 281 175 170 418 233 249
256 157 336 372 483 460 0 46 99 535 466 291 555 501 446 456 531 308 141 336 453
211 117 304 346 437 417 46 0 108 489 420 251 510 460 400 411 484 269 143 290 425
247 218 409 296 500 432 99 108 0 533 489 347 533 458 445 489 534 265 42 361 377
286 409 399 401 109 156 535 489 533 0 139 328 106 219 89 187 26 298 529 221 405
254 319 267 441 30 238 466 420 489 139 0 210 236 317 117 49 115 310 495 130 469
200 134 96 434 237 343 291 251 347 328 210 0 397 418 257 182 312 299 369 113 494
299 451 479 344 209 104 555 510 533 106 236 397 0 133 140 285 132 274 521 284 331
260 432 511 222 297 80 501 460 458 219 317 418 133 0 200 361 242 194 437 310 198
198 324 339 338 100 120 446 400 445 89 117 257 140 200 0 161 89 220 442 145 357
267 304 226 470 78 281 456 411 489 187 49 182 285 361 161 0 163 335 500 128 504
287 399 379 416 85 175 531 484 534 26 115 312 132 242 89 163 0 307 531 209 424
99 263 395 139 308 170 308 269 265 298 310 299 274 194 220 335 307 0 248 225 195
245 246 437 262 505 418 141 143 42 529 495 369 521 437 442 500 531 248 0 371 342
143 193 201 364 147 233 336 290 361 221 130 113 284 310 145 128 209 225 371 0 412
294 450 590 81 458 249 453 425 377 405 469 494 331 198 357 504 424 195 342 412 0

3 1 2
20
3
83 60 54 98 93 43 55 69 35 20 39 62 37 18 80 74 78 57 88 22
337 214 439 347 600 652 419 489 386 411 509 632 403 409 299 330 533 583 306 284
25 58 7 47 40 41 14 34 23 15 25 22 37 12 18 15 18 36 52 11
2.8 1.6 2.4 2.6 1.7 2 3.2 2.8 4.3 2.2 2.3 2.2 3.1 4.6 4.3 1.5 1 1.3 1 3.3
193 205 217
3860 4100 4340
0 216 123 223 152 122 299 174 193 150 75 249 223 216 144 95 98 227 291 188 84
216 0 100 16 93 312 107 357 219 183 213 342 340 215 360 152 150 443 375 117 278
123 100 0 102 88 211 200 258 150 103 113 260 297 216 267 54 51 349 349 136 198
223 16 102 0 108 313 115 358 211 177 214 336 355 232 367 153 150 450 390 133 287
152 93 88 108 0 268 148 319 238 191 181 345 246 134 288 133 132 370 284 47 196
122 312 211 313 268 0 408 51 185 168 99 169 312 337 122 160 163 181 386 307 159
299 107 200 115 148 408 0 456 326 290 312 450 360 209 436 254 252 518 374 132 342
174 357 258 358 319 51 456 0 206 200 144 154 355 389 146 205 207 183 430 359 204
193 219 150 211 238 185 326 206 0 49 121 127 414 363 296 116 115 365 477 286 277
150 183 103 177 191 168 290 200 49 0 84 160 367 314 266 67 66 341 429 239 235
75 213 113 214 181 99 312 144 121 84 0 177 299 277 182 61 63 259 366 226 156
249 342 260 336 345 169 450 154 127 160 177 0 468 454 290 211 213 337 539 392 315
223 340 297 355 246 312 360 355 414 367 299 468 0 156 226 302 304 271 75 233 154
216 215 216 232 134 337 209 389 363 314 277 454 156 0 305 248 248 375 165 98 203
144 360 267 367 288 122 436 146 296 266 182 290 226 305 0 230 233 83 301 313 102
95 152 54 153 133 160 254 205 116 67 61 211 302 248 230 0 3 311 362 180 179
98 150 51 150 132 163 252 207 115 66 63 213 304 248 233 3 0 314 363 179 181
227 443 349 450 370 181 518 183 365 341 259 337 271 375 83 311 314 0 341 393 178
291 375 349 390 284 386 374 430 477 429 366 539 75 165 301 362 363 341 0 259 227
188 117 136 133 47 307 132 359 286 239 226 392 233 98 313 180 179 393 259 0 214
84 278 198 287 196 159 342 204 277 235 156 315 154 203 102 179 181 178 227 214 0

4 1 2
20
3
11 8 62 1 41 24 48 7 24 39 21 45 1 74 47 88 57 17 54 3
447 373 345 541 451 515 580 242 409 460 374 396 256 331 405 422 336 467 241 328
4 1 17 1 30 12 3 2 16 13 5 20 1 10 17 42 9 14 39 1
2.7 4.4 1 1.5 2.4 2.4 4.4 2.1 1.9 2.5 1.6 2.1 3.2 2.2 2.9 4.9 1.5 1.1 3.3 4.6
86 114 75
1720 2280 1500
0 197 195 179 254 282 266 277 186 294 240 293 298 83 133 295 227 163 298 57 257
197 0 103 310 353 229 114 471 38 455 427 473 190 180 207 121 378 241 318 242 82
195 103 0 241 267 127 77 468 65 390 434 422 294 221 264 115 414 162 403 218 90
179 310 241 0 81 237 315 314 280 148 309 188 463 263 312 355 359 81 477 131 330
254 353 267 81 0 222 333 384 319 157 385 219 522 336 387 374 440 112 553 210 356
282 229 127 237 222 0 146 527 192 373 505 424 420 331 379 182 509 162 528 281 184
266 114 77 315 333 146 0 542 92 464 506 498 291 277 313 41 475 235 432 294 41
277 471 468 314 384 527 542 0 463 286 58 222 514 302 308 573 176 368 402 251 535
186 38 65 280 319 192 92 463 0 426 423 449 228 186 221 111 385 208 346 224 72
294 455 390 148 157 373 464 286 426 0 309 73 592 373 415 504 400 229 570 237 479
240 427 434 309 385 505 506 58 423 309 0 253 459 253 254 534 119 352 344 224 495
293 473 422 188 219 424 498 222 449 73 253 0 591 364 400 537 355 269 545 238 509
298 190 294 463 522 420 291 514 228 592 459 591 0 228 206 278 366 410 195 355 250
83 180 221 263 336 331 277 302 186 373 253 364 228 0 52 297 199 238 217 137 257
133 207 264 312 387 379 313 308 221 415 254 400 206 52 0 328 177 291 165 183 288
295 121 115 355 374 182 41 573 111 504 534 537 278 297 328 0 496 275 434 328 40
227 378 414 359 440 509 475 176 385 400 119 355 366 199 177 496 0 377 228 240 456
163 241 162 81 112 162 235 368 208 229 352 269 410 238 291 275 377 0 455 137 252
298 318 403 477 553 528 432 402 346 570 344 545 195 217 165 434 228 455 0 347 398
57 242 218 131 210 281 294 251 224 237 224 238 355 137 183 328 240 137 347 0 292
257 82 90 330 356 184 41 535 72 479 495 509 250 257 288 40 456 252 398 292 0

5 1 2
20
3
81 58 32 57 72 17 33 96 24 6 57 78 87 35 67 3 43 24 4 57
450 453 332 475 570 445 349 565 373 258 349 481 553 329 358 515 365 376 414 456
57 25 28 41 9 3 29 80 2 1 29 73 53 30 9 1 28 13 4 3
3.2 5 3.1 3 2.8 3.7 1.5 1.5 1.2 5 4.2 1.1 5 2.6 2.5 4.6 4.6 2.7 2.2 3.6
225 207 203
4500 4140 4060
0 227 285 249 285 287 274 193 163 223 171 183 296 226 189 242 273 142 272 252 254
227 0 502 138 124 262 163 354 254 428 125 390 507 376 90 21 184 348 483 333 381
285 502 0 471 571 543 485 194 399 85 455 250 28 368 475 520 551 253 245 454 240
249 138 471 0 262 391 28 290 346 388 240 433 469 454 213 155 319 391 521 437 293
285 124 571 262 0 173 286 450 232 506 118 406 581 355 96 106 83 369 497 283 489
287 262 543 391 173 0 419 481 144 501 155 322 561 231 178 254 89 299 399 134 537
274 163 485 28 286 419 0 299 375 401 268 457 481 482 241 179 346 416 545 466 296
193 354 194 290 450 481 299 0 354 109 351 294 185 387 356 374 457 269 347 438 71
163 254 399 346 232 144 375 354 0 361 131 183 418 125 168 257 175 156 269 94 417
223 428 85 388 506 501 401 109 361 0 395 245 81 356 410 447 497 234 272 429 162
171 125 455 240 118 155 268 351 131 395 0 291 467 256 37 126 106 253 383 208 399
183 390 250 433 406 322 457 294 183 245 291 0 275 117 323 400 358 42 93 211 366
296 507 28 469 581 561 481 185 418 81 467 275 0 392 485 526 565 275 273 476 223
226 376 368 454 355 231 482 387 125 356 256 117 392 0 293 380 289 122 171 102 457
189 90 475 213 96 178 241 356 168 410 37 323 485 293 0 89 113 284 417 244 399
242 21 520 155 106 254 179 374 257 447 126 400 526 380 89 0 172 359 494 332 402
273 184 551 319 83 89 346 457 175 497 106 358 565 289 113 172 0 326 444 206 506
142 348 253 391 369 299 416 269 156 234 253 42 275 122 284 359 326 0 135 200 340
272 483 245 521 497 399 545 347 269 272 383 93 273 171 417 494 444 135 0 274 417
252 333 454 437 283 134 466 438 94 429 208 211 476 102 244 332 206 200 274 0 504
254 381 240 293 489 537 296 71 417 162 399 366 223 457 399 402 506 340 417 504 0

1 1 2.5
20
3
64 50 79 48 24 19 50 98 14 78 23 98 22 29 81 62 93 69 85 76
589 594 346 381 184 387 223 392 176 604 318 441 329 510 464 469 557 458 427 588
