1 1 0.5
15
3
31 88 57 93 33 98 16 33 12 57 11 34 16 51 44
272 238 436 333 324 494 368 376 382 395 349 362 382 427 177
12 10 45 33 10 46 15 10 12 45 6 5 6 25 18
1 3 2 1 3.8 3.1 2.2 5 4.6 2.1 1.3 4.6 1.8 1.3 5
80 117 139
1200 1755 2085
0 40 83 220 130 150 294 280 207 262 274 177 242 188 274 85
40 0 107 254 113 190 334 315 184 287 309 155 250 164 312 50
83 107 0 151 213 127 272 213 190 311 207 259 314 174 275 158
220 254 151 0 346 119 188 62 311 349 56 395 399 299 236 304
130 113 213 346 0 253 377 402 274 245 396 49 166 256 332 74
150 190 127 119 253 0 147 159 317 231 155 303 281 300 151 233
294 334 272 188 377 147 0 173 461 247 174 424 346 446 81 372
280 315 213 62 402 159 173 0 370 375 6 451 440 360 238 364
207 184 190 311 274 317 461 370 0 469 364 297 431 19 464 200
262 287 311 349 245 231 247 375 469 0 372 272 120 450 168 290
274 309 207 56 396 155 174 6 364 372 0 446 436 354 238 358
177 155 259 395 49 303 424 451 297 272 446 0 176 280 375 109
242 250 314 399 166 281 346 440 431 120 436 176 0 412 274 233
188 164 174 299 256 300 446 360 19 450 354 280 412 0 447 182
274 312 275 236 332 151 81 238 464 168 238 375 274 447 0 342
85 50 158 304 74 233 372 364 200 290 358 109 233 182 342 0

2 1 0.5
15
3
31 50 79 24 9 86 12 26 78 46 41 57 18 19 12
387 391 349 345 404 319 386 240 234 470 352 361 141 253 469
19 2 67 24 8 63 6 17 52 37 26 27 5 3 7
1.5 3 2.1 3.1 3.3 2.8 1.5 4.5 1.2 3.4 3.7 2.7 3.6 1.8 5
170 105 104
2550 1575 1560
0 207 265 227 283 253 204 297 43 112 287 258 171 99 190 278
207 0 465 377 351 53 103 279 165 123 87 442 282 292 384 463
265 465 0 319 312 515 468 416 303 377 549 73 243 232 205 70
227 377 319 0 493 402 309 524 258 254 427 362 378 138 113 374
283 351 312 493 0 402 422 131 277 353 432 243 114 354 412 257
253 53 515 402 402 0 100 321 212 156 34 494 335 331 422 515
204 103 468 309 422 100 0 370 174 92 119 461 333 258 344 482
297 279 416 524 131 321 370 0 273 325 346 355 176 390 467 372
43 165 303 258 277 212 174 273 0 85 246 288 171 139 232 309
112 123 377 254 353 156 92 325 85 0 187 369 253 175 265 390
287 87 549 427 432 34 119 346 246 187 0 528 368 362 452 550
258 442 73 362 243 494 461 355 288 369 528 0 190 252 252 21
171 282 243 378 114 335 333 176 171 253 368 190 0 240 303 210
99 292 232 138 354 331 258 390 139 175 362 252 240 0 93 269
190 384 205 113 412 422 344 467 232 265 452 252 303 93 0 262
278 463 70 374 257 515 482 372 309 390 550 21 210 269 262 0

3 1 0.5
15
3
47 85 16 50 98 78 6 39 1 18 77 67 35 9 13
404 370 302 264 265 256 223 385 196 321 376 449 329 340 174
7 85 6 18 91 71 3 15 1 5 36 33 2 8 10
2.8 3.1 4.6 2.2 3.9 1.1 4.9 2 4.3 4.8 4.3 4.2 4.5 2.3 4.5
151 174 170
2265 2610 2550
0 246 115 195 114 136 149 165 219 52 294 143 212 190 177 143
246 0 351 423 355 323 341 356 449 237 525 103 379 276 418 388
115 351 0 81 15 86 192 202 186 156 249 252 144 279 129 82
195 423 81 0 87 113 259 267 218 238 262 328 124 357 162 126
114 355 15 87 0 101 179 189 171 152 234 255 159 270 113 67
136 323 86 113 101 0 260 273 272 188 335 238 75 325 215 169
149 341 192 259 179 260 0 16 125 117 194 244 331 120 128 139
165 356 202 267 189 273 16 0 117 133 183 260 344 125 128 144
219 449 186 218 171 272 125 117 0 212 76 347 326 243 57 104
52 237 156 238 152 188 117 133 212 0 288 134 264 138 183 160
294 525 249 262 234 335 194 183 76 288 0 423 380 306 122 168
143 103 252 328 255 238 244 260 347 134 423 0 303 203 315 285
212 379 144 124 159 75 331 344 326 264 380 303 0 401 268 224
190 276 279 357 270 325 120 125 243 138 306 203 401 0 247 249
177 418 129 162 113 215 128 128 57 183 122 315 268 247 0 46
143 388 82 126 67 169 139 144 104 160 168 285 224 249 46 0

4 1 0.5
15
3
61 69 37 46 84 48 2 3 45 23 44 22 41 56 37
441 263 267 369 414 372 351 273 230 402 448 256 281 366 350
25 61 17 10 34 26 1 1 21 1 17 7 38 23 6
1.1 3.8 3.9 2.9 1.9 4.2 4.2 4.9 4.7 2.4 4.4 4.8 2.7 4.7 3.2
123 111 142
1845 1665 2130
0 238 177 219 200 243 198 191 214 105 246 263 128 155 169 233
238 0 227 163 404 40 435 424 389 310 260 495 120 177 167 179
177 227 0 318 216 258 300 339 391 282 69 406 201 276 60 336
219 163 318 0 419 130 401 355 270 230 374 419 117 67 268 18
200 404 216 419 0 421 125 210 334 245 256 251 318 356 261 433
243 40 258 130 421 0 441 421 373 302 296 492 116 155 198 144
198 435 300 401 125 441 0 95 239 181 355 126 326 334 328 411
191 424 339 355 210 421 95 0 148 124 403 72 305 290 352 361
214 389 391 270 334 373 239 148 0 109 460 182 273 219 379 270
105 310 282 230 245 302 181 124 109 0 351 191 190 165 274 237
246 260 69 374 256 296 355 403 460 351 0 467 259 339 105 392
263 495 406 419 251 492 126 72 182 191 467 0 377 356 421 424
128 120 201 117 318 116 326 305 273 190 259 377 0 82 154 135
155 177 276 67 356 155 334 290 219 165 339 356 82 0 235 78
169 167 60 268 261 198 328 352 379 274 105 421 154 235 0 286
233 179 336 18 433 144 411 361 270 237 392 424 135 78 286 0

5 1 0.5
15
3
95 70 74 83 16 14 20 7 34 54 35 3 81 41 35
467 374 540 403 278 262 262 400 295 359 341 157 518 267 369
51 66 23 24 11 14 19 1 18 8 21 2 28 33 33
3.6 4 2 4 3.7 4.6 4 2.7 2.5 2.3 1.2 5 1.9 2.3 4.1
94 179 108
1410 2685 1620
0 272 288 297 269 228 209 74 263 227 128 181 46 270 137 193
272 0 531 570 436 467 105 199 265 357 314 237 315 516 383 143
288 531 0 181 169 63 437 354 367 231 371 461 242 20 300 480
297 570 181 0 330 195 498 371 484 367 314 423 256 170 224 476
269 436 169 330 0 134 332 308 217 83 390 447 238 169 352 431
228 467 63 195 134 0 374 292 311 181 322 405 184 50 259 419
209 105 437 498 332 374 0 148 165 252 291 250 244 424 340 172
74 199 354 371 308 292 148 0 243 249 147 146 119 337 192 127
263 265 367 484 217 311 165 243 0 137 384 383 270 360 397 325
227 357 231 367 83 181 252 249 137 0 355 394 209 226 336 366
128 314 371 314 390 322 291 147 384 355 0 111 151 351 90 184
181 237 461 423 447 405 250 146 383 394 111 0 222 442 200 94
46 315 242 256 238 184 244 119 270 209 151 222 0 224 129 239
270 516 20 170 169 50 424 337 360 226 351 442 224 0 280 462
137 383 300 224 352 259 340 192 397 336 90 200 129 280 0 265
193 143 480 476 431 419 172 127 325 366 184 94 239 462 265 0

1 1 1
15
3
64 56 59 52 88 3 51 43 95 44 39 41 42 99 36
402 199 245 465 486 410 329 361 477 422 299 436 286 349 393
45 7 16 16 83 2 31 8 67 36 15 31 25 92 8
2.2 4.6 2.4 4.8 4.1 3.3 3.8 3.2 1.9 2.6 3 3 3.5 2.7 2.7
184 250 185
2760 3750 2775
0 257 58 104 298 225 258 80 195 289 243 226 258 33 189 227
257 0 198 189 203 355 8 338 390 499 465 80 153 226 418 37
58 198 0 72 255 240 200 139 227 330 290 171 214 29 237 169
104 189 72 0 302 185 188 174 295 393 275 135 155 92 228 171
298 203 255 302 0 487 212 361 315 414 541 268 346 267 487 178
225 355 240 185 487 0 350 234 404 474 169 281 244 241 158 347
258 8 200 188 212 350 0 339 395 504 463 73 145 228 416 44
80 338 139 174 361 234 339 0 172 242 193 304 329 112 140 308
195 390 227 295 315 404 395 172 0 109 350 391 442 203 302 353
289 499 330 393 414 474 504 242 109 0 383 497 544 303 345 462
243 465 290 275 541 169 463 193 350 383 0 404 390 274 54 445
226 80 171 135 268 281 73 304 391 497 404 0 78 200 361 90
258 153 214 155 346 244 145 329 442 544 390 78 0 241 355 169
33 226 29 92 267 241 228 112 203 303 274 200 241 0 220 195
189 418 237 228 487 158 416 140 302 345 54 361 355 220 0 396
227 37 169 171 178 347 44 308 353 462 445 90 169 195 396 0

2 1 1
15
3
97 52 36 36 56 19 54 50 52 52 72 20 46 19 36
351 231 191 322 387 416 357 496 262 404 500 320 138 281 287
36 13 28 4 19 17 13 5 47 24 7 18 15 19 17
3.5 1.3 4.8 4.3 2.6 3.4 4 1 1.6 3.7 2.1 1.8 4.4 1.6 2.5
102 94 136
1530 1410 2040
0 80 134 138 252 236 189 204 243 123 211 288 172 30 126 228
80 0 113 214 310 155 233 264 249 173 291 210 123 110 205 248
134 113 0 263 385 193 322 209 359 122 319 213 58 148 211 352
138 214 263 0 134 367 122 217 231 189 86 424 308 116 94 194
252 310 385 134 0 448 92 346 193 323 155 514 423 238 226 150
236 155 193 367 448 0 360 397 332 304 446 72 147 265 359 348
189 233 322 122 92 360 0 334 117 287 188 428 352 185 211 76
204 264 209 217 346 397 334 0 426 93 209 423 267 182 123 398
243 249 359 231 193 332 117 426 0 362 305 404 371 253 309 43
123 173 122 189 323 304 287 93 362 0 219 334 180 108 108 340
211 291 319 86 155 446 188 209 305 219 0 499 370 183 111 264
288 210 213 424 514 72 428 423 404 334 499 0 156 315 404 419
172 123 58 308 423 147 352 267 371 180 370 156 0 192 265 371
30 110 148 116 238 265 185 182 253 108 183 315 192 0 96 232
126 205 211 94 226 359 211 123 309 108 111 404 265 96 0 278
228 248 352 194 150 348 76 398 43 340 264 419 371 232 278 0

3 1 1
15
3
52 90 8 57 44 19 88 14 90 95 8 67 20 85 87
588 548 515 436 324 382 532 416 583 394 196 357 396 382 581
24 67 8 56 10 10 7 4 40 92 6 16 14 17 82
1 3.7 1.2 3.6 2.7 2.2 4.8 4.8 1.1 4.6 3.1 1.8 3.8 3.4 1.3
239 171 122
3585 2565 1830
0 275 284 286 233 279 274 266 298 281 146 99 157 200 158 267
275 0 530 436 413 482 518 33 347 550 374 207 429 475 229 303
284 530 0 200 419 109 341 532 551 256 156 383 153 193 317 336
286 436 200 0 501 92 477 450 584 419 156 368 261 332 209 162
233 413 419 501 0 466 148 388 168 238 346 219 269 235 388 500
279 482 109 92 466 0 417 490 573 346 133 374 204 267 255 243
274 518 341 477 148 417 0 499 317 103 326 311 216 150 428 524
266 33 532 450 388 490 499 0 315 535 376 190 423 464 241 325
298 347 551 584 168 573 317 315 0 404 441 225 399 386 419 535
281 550 256 419 238 346 103 535 404 0 282 346 166 92 416 495
146 374 156 156 346 133 326 376 441 282 0 242 116 190 165 215
99 207 383 368 219 374 311 190 225 346 242 0 250 279 194 311
157 429 153 261 269 204 216 423 399 166 116 250 0 74 258 329
200 475 193 332 235 267 150 464 386 92 190 279 74 0 325 402
158 229 317 209 388 255 428 241 419 416 165 194 258 325 0 116
267 303 336 162 500 243 524 325 535 495 215 311 329 402 116 0

4 1 1
15
3
56 11 99 43 62 84 70 99 20 88 60 57 6 17 90
495 468 308 473 459 602 411 589 430 527 319 415 250 457 300
51 2 50 37 36 16 68 50 18 79 27 7 5 5 29
1.4 3.7 1.4 2.8 4.4 1.9 4.1 2.4 3.3 2.1 2.9 1.1 2.6 3.4 3.7
234 221 223
3510 3315 3345
0 285 264 161 262 245 285 253 288 205 271 192 182 216 279 161
285 0 546 442 519 499 569 274 574 383 275 364 231 490 528 355
264 546 0 145 224 120 31 473 56 340 432 267 419 71 135 312
161 442 145 0 127 205 153 330 144 194 404 268 281 144 236 167
262 519 224 127 0 318 212 338 188 174 524 395 316 253 344 175
245 499 120 205 318 0 151 491 177 389 335 166 424 64 34 352
285 569 31 153 212 151 0 483 29 342 463 298 432 102 162 319
253 274 473 330 338 491 483 0 473 165 454 438 76 449 525 169
288 574 56 144 188 177 29 473 0 327 480 318 426 123 191 306
205 383 340 194 174 389 342 165 327 0 470 392 156 334 422 43
271 275 432 404 524 335 463 454 480 470 0 169 381 362 350 427
192 364 267 268 395 166 298 438 318 392 169 0 363 196 184 349
182 231 419 281 316 424 432 76 426 156 381 363 0 387 459 140
216 490 71 144 253 64 102 449 123 334 362 196 387 0 92 300
279 528 135 236 344 34 162 525 191 422 350 184 459 92 0 386
161 355 312 167 175 352 319 169 306 43 427 349 140 300 386 0

5 1 1
15
3
93 25 54 99 21 10 16 1 29 73 2 1 68 33 54
389 254 397 352 354 386 331 210 371 313 145 217 335 275 325
85 4 12 75 1 10 9 1 28 18 1 1 50 15 49
2.4 2.8 3.9 2.6 2.9 2.5 3.9 2.6 1.6 4.5 2 4.4 3.9 4.6 2.1
154 140 165
2310 2100 2475
0 226 207 249 201 289 250 247 185 235 97 101 112 195 168 204
226 0 384 450 393 202 415 473 401 328 295 296 220 337 122 258
207 384 0 81 319 495 386 237 257 131 110 106 163 364 368 177
249 450 81 0 306 538 373 187 235 211 158 156 235 369 417 258
201 393 319 306 0 350 68 161 72 406 239 245 306 93 286 394
289 202 495 538 350 0 337 486 394 485 386 389 354 262 129 424
250 415 386 373 68 337 0 220 138 468 301 307 360 80 299 451
247 473 237 187 161 486 220 0 95 358 215 219 309 249 393 377
185 401 257 235 72 394 138 95 0 356 192 198 274 155 310 356
235 328 131 211 406 485 468 358 356 0 167 161 133 426 356 73
97 295 110 158 239 386 301 215 192 167 0 6 95 265 261 165
101 296 106 156 245 389 307 219 198 161 6 0 93 271 265 160
112 220 163 235 306 354 360 309 274 133 95 93 0 307 224 92
195 337 364 369 93 262 80 249 155 426 265 271 307 0 220 399
168 122 368 417 286 129 299 393 310 356 261 265 224 220 0 297
204 258 177 258 394 424 451 377 356 73 165 160 92 399 297 0

1 1 1.5
15
3
62 4 89 75 64 70 61 2 14 74 86 92 58 14 57
387 438 337 532 332 307 478 253 477 241 382 496 344 218 241
10 3 67 38 5 9 21 1 3 20 63 76 40 4 29
2.8 4.7 3.4 1.6 1.7 4.1 4.9 3.4 3.2 1 4.1 3.4 4.4 1.8 1.6
153 131 201
2295 1965 3015
0 262 282 119 201 202 43 206 85 287 107 265 200 181 169 111
262 0 286 210 311 367 273 261 341 292 156 160 145 404 373 208
282 286 0 167 115 481 248 77 297 510 267 133 148 460 230 341
119 210 167 0 118 314 96 96 162 355 112 154 95 300 164 177
201 311 115 118 0 403 160 59 193 470 229 197 169 366 115 288
202 367 481 314 403 0 243 407 234 185 239 438 374 92 348 164
43 273 248 96 160 243 0 171 69 330 128 249 187 211 128 150
206 261 77 96 59 407 171 0 221 449 204 138 116 382 166 273
85 341 297 162 193 234 69 221 0 357 190 316 256 177 114 191
287 292 510 355 470 185 330 449 357 0 245 421 370 273 457 182
107 156 267 112 229 239 128 204 190 245 0 200 138 256 248 78
265 160 133 154 197 438 249 138 316 421 200 0 65 443 296 278
200 145 148 95 169 374 187 116 256 370 138 65 0 378 251 216
181 404 460 300 366 92 211 382 177 273 256 443 378 0 289 197
169 373 230 164 115 348 128 166 114 457 248 296 251 289 0 279
111 208 341 177 288 164 150 273 191 182 78 278 216 197 279 0

2 1 1.5
15
3
27 42 25 37 61 45 38 48 23 51 13 26 10 68 11
241 345 329 294 305 313 477 144 430 475 241 430 252 436 161
21 41 10 30 6 44 12 6 20 26 7 4 4 4 6
2.3 4.1 5 1.6 4.4 3.4 3 3.1 3.5 3.9 4.4 3.7 2.3 3.9 2.8
119 105 122
1785 1575 1830
0 159 131 183 168 183 104 296 68 215 229 218 286 184 297 88
159 0 269 277 176 336 260 415 228 104 360 364 323 160 180 214
131 269 0 271 295 183 128 337 101 342 97 228 218 315 426 181
183 277 271 0 128 152 146 142 170 256 353 144 466 162 310 96
168 176 295 128 0 252 206 268 203 130 391 259 443 34 184 132
183 336 183 152 252 0 80 158 121 359 235 45 401 284 431 129
104 260 128 146 206 80 0 214 42 296 206 119 338 234 372 74
296 415 337 142 268 158 214 0 255 398 393 115 553 302 448 210
68 228 101 170 203 121 42 255 0 275 191 161 301 227 355 80
215 104 342 256 130 359 296 398 275 0 439 376 426 99 83 230
229 360 97 353 391 235 206 393 191 439 0 278 212 412 523 271
218 364 228 144 259 45 119 115 161 376 278 0 446 293 443 151
286 323 218 466 443 401 338 553 301 426 212 446 0 448 503 369
184 160 315 162 34 284 234 302 227 99 412 293 448 0 149 161
297 180 426 310 184 431 372 448 355 83 523 443 503 149 0 303
88 214 181 96 132 129 74 210 80 230 271 151 369 161 303 0

3 1 1.5
15
3
64 53 63 74 22 94 85 47 99 39 92 87 46 4 62
492 384 402 383 407 285 435 315 383 412 572 393 327 447 574
33 19 7 35 13 23 46 14 25 13 57 46 24 3 44
1.7 1.2 1.7 4.7 4.7 2.4 4.8 1.4 2.6 3.4 1.9 4.6 3.1 4.1 1.2
130 173 182
1950 2595 2730
0 279 48 254 155 258 101 284 133 99 221 297 120 260 246 283
279 0 280 405 389 101 288 542 244 320 69 216 158 432 275 360
48 280 0 302 121 277 53 265 175 147 230 263 123 307 288 235
254 405 302 0 382 321 355 447 169 155 337 523 304 35 154 537
155 389 121 382 0 397 101 155 288 232 347 313 241 377 401 205
258 101 277 321 397 0 303 541 178 267 64 301 158 352 179 419
101 288 53 355 101 303 0 256 224 200 249 231 144 360 336 182
284 542 265 447 155 541 256 0 404 325 496 461 389 430 509 322
133 244 175 169 288 178 224 404 0 93 175 356 137 192 113 395
99 320 147 155 232 267 200 325 93 0 253 386 180 160 185 383
221 69 230 337 347 64 249 496 175 253 0 240 107 364 213 355
297 216 263 523 313 301 231 461 356 386 240 0 219 539 437 179
120 158 123 304 241 158 144 389 137 180 107 219 0 323 227 279
260 432 307 35 377 352 360 430 192 160 364 539 323 0 188 543
246 275 288 154 401 179 336 509 113 185 213 437 227 188 0 501
283 360 235 537 205 419 182 322 395 383 355 179 279 543 501 0

4 1 1.5
15
3
50 45 33 81 39 86 98 48 77 42 93 86 27 96 87
437 427 452 624 314 550 553 339 446 597 607 480 436 440 377
30 27 2 66 20 31 55 32 77 2 85 74 5 57 77
2.8 4.7 4.1 4.1 4.3 4.5 1.7 3.7 2.6 3.1 1.9 2 3.4 1.1 3.3
215 227 261
3225 3405 3915
0 274 212 171 287 223 265 144 210 269 277 295 221 218 213 232
274 0 226 407 144 287 333 280 437 20 282 467 418 419 307 348
212 226 0 240 127 61 433 326 256 238 415 251 220 429 387 417
171 407 240 0 361 205 425 307 39 409 447 146 73 327 374 383
287 144 127 361 0 184 441 357 381 163 403 376 347 483 404 442
223 287 61 205 184 0 467 353 213 298 456 192 170 441 418 445
265 333 433 425 441 467 0 120 465 314 71 559 484 170 51 55
144 280 326 307 357 353 120 0 347 265 143 439 365 139 68 92
210 437 256 39 381 213 465 347 0 440 487 115 52 363 414 422
269 20 238 409 163 298 314 265 440 0 262 474 424 405 290 331
277 282 415 447 403 456 71 143 487 262 0 571 499 233 92 119
295 467 251 146 376 192 559 439 115 474 571 0 76 473 507 521
221 418 220 73 347 170 484 365 52 424 499 76 0 397 433 446
218 419 429 327 483 441 170 139 363 405 233 473 397 0 144 115
213 307 387 374 404 418 51 68 414 290 92 507 433 144 0 41
232 348 417 383 442 445 55 92 422 331 119 521 446 115 41 0

5 1 1.5
15
3
34 3 66 50 70 76 24 33 89 59 6 44 92 52 98
535 246 477 309 464 555 575 343 298 302 367 395 497 320 442
11 3 51 25 46 21 4 31 26 22 4 27 22 28 31
4.5 3.3 4.6 3.7 3.2 4.7 4 2.9 4.8 2.4 1.2 4.2 2.9 1.3 3.6
74 145 153
1110 2175 2295
0 289 27 223 124 296 264 267 244 138 221 272 257 266 138 234
289 0 276 512 206 88 523 258 210 292 495 391 465 314 377 487
27 276 0 240 99 291 262 279 253 112 224 249 285 284 127 230
223 512 240 0 333 510 179 425 424 295 126 371 237 393 205 186
124 206 99 333 0 248 317 302 262 88 293 214 374 326 171 280
296 88 291 510 248 0 551 184 140 337 515 453 422 245 408 517
264 523 262 179 317 551 0 525 507 240 58 244 403 511 145 38
267 258 279 425 302 184 525 0 49 375 475 512 268 63 405 499
244 210 253 424 262 140 507 49 0 340 461 475 293 106 380 479
138 292 112 295 88 337 240 375 340 0 226 139 393 389 100 202
221 495 224 126 293 515 58 475 461 226 0 263 345 458 126 60
272 391 249 371 214 453 244 512 475 139 263 0 518 528 171 211
257 465 285 237 374 422 403 268 293 393 345 518 0 213 353 395
266 314 284 393 326 245 511 63 106 389 458 528 213 0 404 489
138 377 127 205 171 408 145 405 380 100 126 171 353 404 0 109
234 487 230 186 280 517 38 499 479 202 60 211 395 489 109 0

1 1 2
15
3
29 39 18 31 63 98 72 7 2 12 17 44 42 84 54
199 370 337 357 515 287 360 287 385 367 332 507 355 415 161
19 13 8 20 7 65 3 4 1 7 13 12 4 21 3
2.5 1.4 3.9 2.9 2 3 2.3 3.6 3.7 4.5 1 1.4 4.5 4.5 2.5
94 94 106
1410 1410 1590
0 128 222 236 257 261 180 184 146 270 227 226 292 207 232 92
128 0 335 364 300 299 162 126 140 227 351 123 267 309 337 207
222 335 0 124 195 423 269 314 251 342 73 447 329 286 32 131
236 364 124 0 313 353 351 385 325 436 51 456 433 197 156 170
257 300 195 313 0 516 153 208 163 180 265 423 150 423 167 199
261 299 423 353 516 0 432 416 399 515 382 277 546 161 446 324
180 162 269 351 153 432 0 55 33 91 317 280 114 385 255 185
184 126 314 385 208 416 55 0 62 100 356 234 141 391 304 214
146 140 251 325 163 399 33 62 0 125 294 261 147 351 241 156
270 227 342 436 180 515 91 100 125 0 398 328 49 476 323 274
227 351 73 51 265 382 317 356 294 398 0 452 391 233 105 147
226 123 447 456 423 277 280 234 261 328 452 0 374 349 453 316
292 267 329 433 150 546 114 141 147 49 391 374 0 494 307 280
207 309 286 197 423 161 385 391 351 476 233 349 494 0 315 224
232 337 32 156 167 446 255 304 241 323 105 453 307 315 0 140
92 207 131 170 199 324 185 214 156 274 147 316 280 224 140 0

2 1 2
15
3
15 15 50 57 67 5 72 75 39 47 15 38 73 76 81
312 315 489 438 552 483 358 436 259 423 260 399 194 594 397
9 7 28 7 30 5 35 4 3 16 9 12 5 19 39
1.9 3.9 2 3 1.4 3.5 4.1 4.8 4.2 5 3.7 3.3 1.5 3.3 1.6
94 99 99
1410 1485 1485
0 108 214 274 210 189 252 128 257 160 251 184 157 27 246 167
108 0 256 166 317 90 349 139 293 235 319 238 49 113 288 78
214 256 0 384 303 270 195 342 465 85 438 389 290 187 452 244
274 166 384 0 481 113 510 257 394 387 448 363 116 278 395 140
210 317 303 481 0 400 172 260 271 218 195 208 366 216 254 376
189 90 270 113 400 0 405 225 378 278 409 327 61 185 374 27
252 349 195 510 172 405 0 360 424 133 360 350 396 237 407 377
128 139 342 257 260 225 360 0 154 287 191 106 166 155 149 217
257 293 465 394 271 378 424 154 0 394 93 77 318 284 17 371
160 235 85 387 218 278 133 287 394 0 358 317 278 136 380 250
251 319 438 448 195 409 360 191 93 358 0 84 354 274 78 396
184 238 389 363 208 327 350 106 77 317 84 0 270 211 63 316
157 49 290 116 366 61 396 166 318 278 354 270 0 162 315 65
27 113 187 278 216 185 237 155 284 136 274 211 162 0 272 161
246 288 452 395 254 374 407 149 17 380 78 63 315 272 0 366
167 78 244 140 376 27 377 217 371 250 396 316 65 161 366 0

3 1 2
15
3
44 64 91 24 6 10 97 74 73 85 33 68 87 78 44
341 412 387 524 232 338 323 332 401 341 311 511 500 605 610
20 24 70 1 5 2 51 4 69 73 27 65 31 43 2
4.4 5 3.3 1 3 4.9 2.7 1 4.1 1 1.1 3.6 1.3 1.1 4.2
205 162 196
3075 2430 2940
0 246 208 220 209 129 290 181 210 280 94 142 287 172 269 243
246 0 437 363 436 285 396 68 437 330 181 351 71 183 508 145
208 437 0 168 224 170 236 369 224 451 257 240 489 293 76 451
220 363 168 0 354 94 77 301 355 500 199 330 429 183 238 431
209 436 224 354 0 295 431 379 1 284 303 88 458 378 224 375
129 285 170 94 295 0 161 219 296 408 109 254 346 123 246 338
290 396 236 77 431 161 0 341 432 569 252 407 466 213 299 483
181 68 369 301 379 219 341 0 380 313 113 297 127 129 440 156
210 437 224 355 1 296 432 380 0 284 304 89 459 379 224 376
280 330 451 500 284 408 569 313 284 0 331 218 304 405 484 194
94 181 257 199 303 109 252 113 304 331 0 234 238 82 329 232
142 351 240 330 88 254 407 297 89 218 234 0 370 314 266 287
287 71 489 429 458 346 466 127 459 304 238 370 0 252 556 110
172 183 293 183 378 123 213 129 379 405 82 314 252 0 369 279
269 508 76 238 224 246 299 440 224 484 329 266 556 369 0 509
243 145 451 431 375 338 483 156 376 194 232 287 110 279 509 0

4 1 2
15
3
50 5 19 1 9 59 41 65 88 41 90 13 48 2 38
410 429 347 380 173 352 451 315 430 541 488 362 460 412 405
29 4 4 1 3 56 17 4 65 15 82 10 3 1 35
3.2 2.7 2.4 5 2.1 2.6 4.4 1.5 2 4.7 3.3 1.5 2.2 3.4 4.2
106 107 126
1590 1605 1890
0 237 215 201 211 73 271 253 82 241 272 254 97 238 262 159
237 0 450 309 447 308 231 471 291 372 144 456 144 373 477 319
215 450 0 321 14 152 414 173 197 255 456 214 306 312 108 204
201 309 321 0 309 197 449 226 141 441 415 188 244 65 411 357
211 447 14 309 0 145 418 159 188 265 457 200 304 298 122 210
73 308 152 197 145 0 331 185 56 255 343 193 171 213 220 173
271 231 414 449 418 331 0 515 353 211 102 523 204 499 384 213
253 471 173 226 159 185 515 0 181 406 526 49 348 185 282 335
82 291 197 141 188 56 353 181 0 304 349 174 168 163 275 221
241 372 255 441 265 255 211 406 304 0 296 432 256 467 189 83
272 144 456 415 457 343 102 526 349 296 0 524 181 473 448 274
254 456 214 188 200 193 523 49 174 432 524 0 343 141 322 357
97 144 306 244 304 171 204 348 168 256 181 343 0 297 334 188
238 373 312 65 298 213 499 185 163 467 473 141 297 0 411 385
262 477 108 411 122 220 384 282 275 189 448 322 334 411 0 174
159 319 204 357 210 173 213 335 221 83 274 357 188 385 174 0

5 1 2
15
3
38 19 79 88 98 24 23 99 86 10 51 77 68 10 48
489 610 449 347 516 332 474 428 320 273 434 426 354 478 436
8 7 66 7 65 16 7 81 77 10 1 32 19 10 14
1.6 1.9 1.7 4.9 3 2.8 1 3.7 4.9 2.5 1.8 3.9 4.1 1 2.6
150 116 215
2250 1740 3225
0 262 237 190 82 173 298 225 119 179 46 163 259 101 246 263
262 0 394 390 217 353 550 59 367 434 238 425 142 318 165 412
237 394 0 70 202 64 250 390 302 317 281 234 459 138 264 487
190 390 70 0 179 40 195 375 236 247 236 164 434 88 285 425
82 217 202 179 0 147 335 196 200 256 103 220 258 101 166 338
173 353 64 40 147 0 233 342 239 261 217 183 405 73 245 422
298 550 250 195 335 233 0 521 253 209 338 146 555 235 473 426
225 59 390 375 196 342 521 0 320 388 193 388 93 296 195 354
119 367 302 236 200 239 253 320 0 68 129 109 325 170 366 191
179 434 317 247 256 261 209 388 68 0 196 88 392 202 422 216
46 238 281 236 103 217 338 193 129 196 0 198 216 147 252 236
163 425 234 164 220 183 146 388 109 88 198 0 412 139 380 294
259 142 459 434 258 405 555 93 325 392 216 412 0 348 288 305
101 318 138 88 101 73 235 296 170 202 147 139 348 0 244 349
246 165 264 285 166 245 473 195 366 422 252 380 288 244 0 481
263 412 487 425 338 422 426 354 191 216 236 294 305 349 481 0

1 1 2.5
15
3
79 32 43 64 14 99 27 97 22 49 85 86 41 49 43
239 407 442 427 467 589 121 586 494 417 387 365 368 468 391
66 28 38 60 10 37 5 4 9 13 82 40 31 8 2
1.6 4.8 4.3 1.2 4.2 3.6 3.4 2.7 3.5 2.3 1.2 4.3 2.1 3.5 4.2
167 193 215
2505 2895 3225
0 43 274 181 155 218 171 56 259 274 195 237 214 160 212 158
43 0 291 204 120 199 173 32 231 255 228 227 201 149 202 199
274 291 0 96 406 490 441 265 286 230 125 171 488 434 486 316
181 204 96 0 322 399 346 181 265 230 60 168 395 341 392 226
155 120 406 322 0 111 153 141 265 316 348 308 129 100 139 285
218 199 490 399 111 0 101 229 376 425 411 413 30 63 46 293
171 173 441 346 153 101 0 205 393 427 345 400 75 55 63 199
56 32 265 181 141 229 205 0 204 225 212 195 232 180 234 213
259 231 286 265 265 376 393 204 0 72 323 116 392 352 400 408
274 255 230 230 316 425 427 225 72 0 290 63 438 393 444 408
195 228 125 60 348 411 345 212 323 290 0 228 403 350 398 194
237 227 171 168 308 413 400 195 116 63 228 0 422 373 426 357
214 201 488 395 129 30 75 232 392 438 403 422 0 53 15 273
160 149 434 341 100 63 55 180 352 393 350 373 53 0 53 231
212 202 486 392 139 46 63 234 400 444 398 426 15 53 0 262
158 199 316 226 285 293 199 213 408 408 194 357 273 231 262 0

2 1 2.5
15
3
95 65 25 36 71 98 84 53 26 4 67 71 54 54 69
231 219 417 417 526 459 380 405 358 497 437 391 363 440 232
20 5 23 22 5 87 11 30 10 2 56 40 13 38 22
3 3.4 4.9 2 4.6 2.7 3.8 3.7 4.6 2.4 4.7 4.5 4.9 1.7 3.8
126 178 177
1890 2670 2655
0 115 2 283 290 260 114 206 142 219 263 226 179 213 242 63
115 0 115 346 401 375 23 167 111 120 374 213 294 103 132 166
2 115 0 281 289 260 114 204 140 220 264 224 179 213 242 61
283 346 281 0 237 286 362 252 254 466 370 202 262 387 406 225
290 401 289 237 0 76 404 405 368 509 174 379 127 487 514 235
260 375 260 286 76 0 374 411 364 473 98 395 81 470 498 217
114 23 114 362 404 374 0 191 133 108 366 235 292 118 146 171
206 167 204 252 405 411 191 0 65 262 448 57 340 150 162 206
142 111 140 254 368 364 133 65 0 221 392 101 289 133 155 151
219 120 220 466 509 473 108 262 221 0 453 316 392 127 139 278
263 374 264 370 174 98 366 448 392 453 0 444 114 476 505 241
226 213 224 202 379 395 235 57 101 316 444 0 332 208 219 209
179 294 179 262 127 81 292 340 289 392 114 332 0 389 418 139
213 103 213 387 487 470 118 150 133 127 476 208 389 0 29 254
242 132 242 406 514 498 146 162 155 139 505 219 418 29 0 282
63 166 61 225 235 217 171 206 151 278 241 209 139 254 282 0

3 1 2.5
15
3
36 32 16 60 48 66 32 39 82 19 70 95 86 38 91
155 236 475 452 444 461 574 518 519 377 507 566 313 253 563
9 13 3 23 25 23 6 16 30 8 12 23 39 38 50
1.8 2.9 3 2.6 1.2 3.3 3.4 4.5 4.2 1.3 4.5 4.8 1.6 2.4 2
129 143 110
1935 2145 1650
0 76 78 280 246 224 213 259 272 282 107 299 216 71 70 283
76 0 26 276 243 251 156 329 195 358 183 348 275 36 67 353
78 26 0 302 216 227 179 336 199 355 184 328 258 13 89 361
280 276 302 0 516 504 196 323 360 444 308 565 474 309 218 337
246 243 216 516 0 96 385 453 322 396 295 219 217 207 298 475
224 251 227 504 96 0 407 383 381 308 237 128 123 215 290 403
213 156 179 196 385 407 0 405 164 477 303 504 427 192 147 427
259 329 336 323 453 383 405 0 519 145 163 366 282 330 279 24
272 195 199 360 322 381 164 519 0 553 379 502 447 210 240 542
282 358 355 444 396 308 477 145 553 0 177 250 186 344 332 150
107 183 184 308 295 237 303 163 379 177 0 262 169 175 155 187
299 348 328 565 219 128 504 366 502 250 262 0 93 315 369 381
216 275 258 474 217 123 427 282 447 186 169 93 0 245 286 299
71 36 13 309 207 215 192 330 210 344 175 315 245 0 94 355
70 67 89 218 298 290 147 279 240 332 155 369 286 94 0 302
283 353 361 337 475 403 427 24 542 150 187 381 299 355 302 0

4 1 2.5
15
3
23 99 67 67 19 92 6 62 69 63 76 94 82 86 59
222 389 700 467 372 376 363 484 464 454 524 433 503 465 301
4 82 51 32 4 54 1 30 56 42 65 50 37 18 41
4.6 3 2.7 3 3.3 2 1.9 3.5 1.9 2.1 1 1.2 3.2 3.1 2.7
209 181 214
3135 2715 3210
0 87 58 285 118 196 174 109 231 251 177 290 258 250 85 73
87 0 130 252 185 168 195 34 272 332 182 205 344 163 107 94
58 130 0 343 144 182 223 159 175 246 231 318 243 287 142 62
285 252 343 0 267 415 162 220 514 398 132 337 434 279 204 338
118 185 144 267 0 313 109 190 309 154 134 389 178 340 93 188
196 168 182 415 313 0 357 196 187 428 348 210 422 214 264 126
174 195 223 162 109 357 0 180 398 236 34 369 271 313 92 244
109 34 159 220 190 196 180 0 307 342 162 199 357 150 101 128
231 272 175 514 309 187 398 307 0 355 407 393 331 387 316 179
251 332 246 398 154 428 236 342 355 0 270 538 45 492 248 305
177 182 231 132 134 348 34 162 407 270 0 343 303 286 91 243
290 205 318 337 389 210 369 199 393 538 343 0 548 59 301 260
258 344 243 434 178 422 271 357 331 45 303 548 0 506 270 304
250 163 287 279 340 214 313 150 387 492 286 59 506 0 250 234
85 107 142 204 93 264 92 101 316 248 91 301 270 250 0 153
73 94 62 338 188 126 244 128 179 305 243 260 304 234 153 0

5 1 2.5
15
3
45 61 31 38 5 89 79 17 20 70 38 94 86 61 73
564 434 423 486 416 611 339 448 417 398 159 359 476 357 271
34 25 23 18 5 24 70 12 8 52 23 68 57 49 14
2.9 1.3 3.8 4.4 3.4 2.2 3.4 1.8 4.8 1.8 1.5 3.8 4.2 4.6 3.2
196 122 189
2940 1830 2835
0 203 202 114 236 265 279 180 286 257 85 53 221 126 96 124
203 0 152 289 364 393 190 356 205 426 131 197 19 199 211 318
202 152 0 224 245 459 77 276 350 330 190 159 166 104 137 324
114 289 224 0 132 333 295 68 400 144 195 92 309 120 88 152
236 364 245 132 0 463 293 105 512 102 304 195 382 164 160 279
265 393 459 333 463 0 533 367 308 431 276 318 404 392 360 183
279 190 77 295 293 533 0 342 395 387 260 236 197 176 211 401
180 356 276 68 105 367 342 0 466 76 263 160 376 174 148 184
286 205 350 400 512 308 395 466 0 543 207 317 199 360 352 341
257 426 330 144 102 431 387 76 543 0 339 234 445 234 215 251
85 131 190 195 304 276 260 263 207 339 0 109 147 160 146 188
53 197 159 92 195 318 236 160 317 234 109 0 216 74 43 165
221 19 166 309 382 404 197 376 199 445 147 216 0 218 230 335
126 199 104 120 164 392 176 174 360 234 160 74 218 0 36 235
96 211 137 88 160 360 211 148 352 215 146 43 230 36 0 199
124 318 324 152 279 183 401 184 341 251 188 165 335 235 199 0

1 1.5 0.5
15
3
73 19 94 66 60 12 28 61 35 23 72 2 16 42 45
356 353 429 356 311 223 350 296 303 207 251 226 384 357 423
45 3 66 63 14 12 28 2 30 14 37 2 11 5 45
1.8 3.3 1.1 1.1 4.3 1.9 3.2 4.8 4.4 3.3 4 2 1.1 3.8 4.8
217 217 149
3255 3255 2235
0 217 230 170 250 134 67 224 111 250 60 15 197 289 267 258
217 0 435 310 145 262 189 435 199 42 276 223 364 302 193 473
230 435 0 311 479 198 246 179 325 460 189 219 114 340 401 164
170 310 311 0 251 300 235 188 111 352 148 182 334 459 424 234
250 145 479 251 0 350 261 422 164 178 292 262 439 434 335 466
134 262 198 300 350 0 89 291 242 278 158 120 104 171 203 307
67 189 246 235 261 89 0 281 158 214 119 60 180 225 201 309
224 435 179 188 422 291 281 0 259 472 164 224 261 461 479 46
111 199 325 111 164 242 158 259 0 241 135 126 308 379 325 303
250 42 460 352 178 278 214 472 241 0 311 255 382 293 174 508
60 276 189 148 292 158 119 164 135 311 0 60 187 326 321 197
15 223 219 182 262 120 60 224 126 255 60 0 182 278 261 256
197 364 114 334 439 104 180 261 308 382 187 182 0 226 296 261
289 302 340 459 434 171 225 461 379 293 326 278 226 0 128 474
267 193 401 424 335 203 201 479 325 174 321 261 296 128 0 502
258 473 164 234 466 307 309 46 303 508 197 256 261 474 502 0

2 1.5 0.5
15
3
93 14 58 23 9 10 78 78 22 71 14 24 41 24 77
366 349 446 407 229 396 454 355 158 127 318 336 256 109 493
15 4 45 2 4 9 34 64 22 66 3 7 12 15 61
2.7 1.9 2.3 4.6 1.7 2.3 1.5 1.5 4 4.6 4.8 3.5 5 1.4 1.4
233 160 232
3495 2400 3480
0 126 246 228 272 144 294 293 116 84 17 186 274 192 27 234
126 0 125 346 146 162 310 388 155 45 128 105 155 289 112 323
246 125 0 471 65 274 324 512 275 170 244 98 123 414 236 447
228 346 471 0 486 249 457 120 225 301 235 413 471 95 234 115
272 146 65 486 0 265 388 512 274 189 274 158 64 419 257 447
144 162 274 249 265 0 432 249 32 131 161 265 233 164 118 183
294 310 324 457 388 432 0 559 408 313 278 232 435 466 316 512
293 388 512 120 512 249 559 0 239 345 306 475 483 101 288 65
116 155 275 225 274 32 408 239 0 118 133 254 248 146 92 173
84 45 170 301 189 131 313 345 118 0 89 136 190 245 68 281
17 128 244 235 274 161 278 306 133 89 0 177 280 205 43 248
186 105 98 413 158 265 232 475 254 136 177 0 203 373 186 413
274 155 123 471 64 233 435 483 248 190 280 203 0 395 254 417
192 289 414 95 419 164 466 101 146 245 205 373 395 0 187 45
27 112 236 234 257 118 316 288 92 68 43 186 254 187 0 227
234 323 447 115 447 183 512 65 173 281 248 413 417 45 227 0

3 1.5 0.5
15
3
37 76 52 57 83 71 91 23 80 10 48 30 68 48 90
378 380 187 294 354 370 361 444 408 461 144 311 466 355 468
7 70 39 47 50 67 71 16 34 8 11 29 46 16 82
3.1 2.7 1.8 1 2.5 2.7 4.4 3.8 4.6 2.8 4.5 1.2 2.6 5 4.8
177 345 368
2655 5175 5520
0 258 240 95 193 114 279 172 237 270 263 28 203 225 119 181
258 0 296 238 128 371 343 315 418 527 522 272 370 439 334 364
240 296 0 318 169 309 504 95 171 429 406 220 443 457 179 147
95 238 318 0 223 164 187 263 332 309 312 123 142 200 214 276
193 128 169 223 0 303 385 192 296 455 443 194 365 411 228 245
114 371 309 164 303 0 303 219 235 156 152 109 185 157 135 195
279 343 504 187 385 303 0 450 513 399 416 306 132 220 394 458
172 315 95 263 192 219 450 0 104 333 310 146 371 372 85 58
237 418 171 332 296 235 513 104 0 301 272 209 414 391 118 58
270 527 429 309 455 156 399 333 301 0 33 262 266 185 251 288
263 522 406 312 443 152 416 310 272 33 0 252 284 208 230 262
28 272 220 123 194 109 306 146 209 262 252 0 225 238 91 152
203 370 443 142 365 185 132 371 414 266 284 225 0 91 300 365
225 439 457 200 411 157 220 372 391 185 208 238 91 0 291 352
119 334 179 214 228 135 394 85 118 251 230 91 300 291 0 65
181 364 147 276 245 195 458 58 58 288 262 152 365 352 65 0

4 1.5 0.5
15
3
76 66 47 86 81 38 67 24 1 34 33 74 2 79 81
550 379 396 411 375 398 280 377 398 310 451 459 270 402 373
18 2 16 56 46 18 25 13 1 25 29 74 2 59 70
2.2 4.7 4.5 4.6 4.1 5 1.1 1.9 1 3.1 2.7 4.4 4.8 2.2 1.9
201 113 245
3015 1695 3675
0 290 283 296 250 271 251 154 295 242 147 231 291 224 290 248
290 0 523 177 326 44 54 355 193 64 149 116 399 503 344 328
283 523 0 575 521 519 471 395 576 461 411 420 542 305 560 255
296 177 575 0 185 135 205 273 17 208 170 259 254 452 188 446
250 326 521 185 0 283 329 134 171 326 223 358 72 310 39 480
271 44 519 135 283 0 75 320 150 81 123 136 356 475 300 343
251 54 471 205 329 75 0 336 219 10 123 63 400 471 351 274
154 355 395 273 134 320 336 0 264 330 213 342 147 182 171 403
295 193 576 17 171 150 219 264 0 222 176 271 239 444 172 454
242 64 461 208 326 81 10 330 222 0 116 55 397 462 350 265
147 149 411 170 223 123 123 213 176 116 0 136 290 354 253 280
231 116 420 259 358 136 63 342 271 55 136 0 426 455 385 212
291 399 542 254 72 356 400 147 239 397 290 426 0 296 70 532
224 503 305 452 310 475 471 182 444 462 354 455 296 0 343 429
290 344 560 188 39 300 351 171 172 350 253 385 70 343 0 517
248 328 255 446 480 343 274 403 454 265 280 212 532 429 517 0

5 1.5 0.5
15
3
22 94 73 83 67 45 19 85 46 82 57 22 36 86 16
380 326 369 389 318 209 325 481 495 393 453 417 279 415 336
4 64 42 22 23 26 13 76 26 42 29 6 17 57 16
3.4 1.3 1.3 1.2 4.3 2.7 2.3 2 3.9 1.2 3.7 1.4 2.3 3.1 4.7
192 163 231
2880 2445 3465
0 210 200 163 247 141 128 281 194 265 283 231 277 103 271 241
210 0 350 313 456 275 318 488 240 442 458 55 86 174 476 201
200 350 0 330 263 323 261 300 393 375 391 341 381 303 199 240
163 313 330 0 213 38 75 228 127 131 147 354 397 138 297 402
247 456 263 213 0 240 155 38 337 155 164 478 525 306 110 454
141 275 323 38 240 0 89 259 97 170 186 317 359 100 315 373
128 318 261 75 155 89 0 178 185 137 155 350 395 155 226 368
281 488 300 228 38 259 178 0 354 147 152 512 558 333 134 491
194 240 393 127 337 97 185 354 0 250 262 291 326 100 410 387
265 442 375 131 155 170 137 147 250 0 17 479 523 268 265 505
283 458 391 147 164 186 155 152 262 17 0 496 540 284 274 523
231 55 341 354 478 317 350 512 291 479 496 0 46 217 486 158
277 86 381 397 525 359 395 558 326 523 540 46 0 259 531 178
103 174 303 138 306 100 155 333 100 268 284 217 259 0 355 291
271 476 199 297 110 315 226 134 410 265 274 486 531 355 0 425
241 201 240 402 454 373 368 491 387 505 523 158 178 291 425 0

1 1.5 1
15
3
64 74 38 77 31 10 47 35 82 12 19 64 87 75 36
550 491 184 286 293 438 361 331 453 232 243 469 434 460 262
48 4 26 5 15 9 44 21 46 7 14 61 72 5 13
5 2.7 3.1 3 2 1.2 4.8 3.2 3.4 5 3.1 2.9 2.1 4.6 4.5
167 180 146
2505 2700 2190
0 290 233 139 137 132 231 165 283 268 188 108 226 217 286 119
290 0 68 284 306 356 205 329 211 367 456 224 493 486 250 386
233 68 0 216 238 317 145 300 228 302 409 186 427 420 262 338
139 284 216 0 23 270 129 300 367 132 310 211 224 218 383 249
137 306 238 23 0 267 151 301 380 131 298 220 201 196 395 241
132 356 317 270 267 0 355 63 259 398 109 132 291 282 244 61
231 205 145 129 151 355 0 364 358 164 418 252 352 347 386 351
165 329 300 300 301 63 364 0 203 431 166 116 351 341 183 124
283 211 228 367 380 259 358 203 0 489 367 174 508 499 40 314
268 367 302 132 131 398 164 431 489 0 421 342 260 259 509 369
188 456 409 310 298 109 418 166 367 421 0 233 243 235 349 70
108 224 186 211 220 132 252 116 174 342 233 0 334 325 179 166
226 493 427 224 201 291 352 351 508 260 243 334 0 9 508 234
217 486 420 218 196 282 347 341 499 259 235 325 9 0 498 224
286 250 262 383 395 244 386 183 40 509 349 179 508 498 0 302
119 386 338 249 241 61 351 124 314 369 70 166 234 224 302 0

2 1.5 1
15
3
95 82 6 51 29 97 50 15 66 42 50 93 56 80 54
312 379 311 277 393 490 376 290 435 453 294 468 392 528 158
59 66 6 23 24 87 49 2 14 26 22 69 19 69 11
2.7 1.3 3.7 1.3 3.4 2.7 3.5 1 4.1 2 4.5 1 1 4.3 1.9
168 234 310
2520 3510 4650
0 108 130 184 109 259 225 160 148 289 196 135 247 177 273 57
108 0 223 286 208 279 138 202 251 196 170 205 144 194 283 166
130 223 0 70 27 361 353 109 49 362 323 214 336 289 222 93
184 286 70 0 78 379 410 172 37 433 364 230 406 318 274 133
109 208 27 78 0 333 334 124 46 359 298 186 329 263 242 66
259 279 361 379 333 0 250 419 346 458 129 149 398 85 531 269
225 138 353 410 334 250 0 340 373 231 121 257 171 190 413 279
160 202 109 172 124 419 340 0 159 282 349 285 272 338 120 162
148 251 49 37 46 346 373 159 0 405 327 197 375 283 270 96
289 196 362 433 359 458 231 282 405 0 332 401 61 380 282 342
196 170 323 364 298 129 121 349 327 332 0 162 272 74 447 233
135 205 214 230 186 149 257 285 197 401 162 0 349 96 403 125
247 144 336 406 329 398 171 272 375 61 272 349 0 321 297 302
177 194 289 318 263 85 190 338 283 380 74 96 321 0 447 196
273 283 222 274 242 531 413 120 270 282 447 403 297 447 0 282
57 166 93 133 66 269 279 162 96 342 233 125 302 196 282 0

3 1.5 1
15
3
8 66 73 45 31 66 69 18 92 19 43 24 38 98 86
424 420 321 309 357 433 240 300 214 386 384 430 504 422 283
7 10 53 16 3 6 52 16 14 2 14 2 14 6 42
2.2 2 3.3 3.3 3.9 5 4.4 3.3 2.5 1.5 1.1 3.2 4.5 3.7 1.1
137 148 73
2055 2220 1095
0 230 192 235 124 158 226 80 104 62 219 209 215 272 170 70
230 0 57 465 170 388 446 232 126 288 226 193 443 251 145 193
192 57 0 423 164 347 398 212 96 245 243 138 398 201 88 143
235 465 423 0 336 76 82 263 339 177 400 394 38 434 378 282
124 170 164 336 0 263 344 74 84 182 103 258 325 328 202 150
158 388 347 76 263 0 94 192 262 102 334 326 62 372 306 208
226 446 398 82 344 94 0 277 326 164 423 344 47 374 339 254
80 232 212 263 74 192 277 0 117 124 148 271 254 338 222 138
104 126 96 339 84 262 326 117 0 164 183 173 318 244 117 85
62 288 245 177 182 102 164 124 164 0 271 233 154 287 206 106
219 226 243 400 103 334 423 148 183 271 0 356 396 426 299 253
209 193 138 394 258 326 344 271 173 233 356 0 360 70 57 138
215 443 398 38 325 62 47 254 318 154 396 360 0 398 348 256
272 251 201 434 328 372 374 338 244 287 426 70 398 0 127 203
170 145 88 378 202 306 339 222 117 206 299 57 348 127 0 101
70 193 143 282 150 208 254 138 85 106 253 138 256 203 101 0

4 1.5 1
15
3
31 77 42 10 5 27 27 40 54 5 45 73 64 30 43
